0.0058696
0.0020971
0.0023274
0.0021849
0.0015293
0.0011462
0.0015437
0.0010756
0.0010305
0.0010075
0.0009734
0.0008638
0.0009135
0.0010822
0.0010654
0.0012444
0.0011713
0.0010567
0.0012390
0.0009106
0.0013359
0.0010884
0.0011389
0.0012362
0.0012009
0.0013840
0.0010908
0.0020926
0.0010005
0.0011438
0.0009976
0.0010719
0.0015346
0.0016147
0.0013996
0.0010715
0.0010986
0.0013051
0.0010141
0.0010489
0.0010194
0.0009718
0.0011577
0.0011044
0.0010387
0.0012107
0.0011072
0.0015736
0.0012871
0.0011816
0.0011183
0.0017103
0.0009767
0.0016377
0.0013885
0.0010596
0.0013191
0.0012140
0.0011003
0.0013642
0.0021919
0.0019378
0.0012382
0.0014213
0.0010083
0.0008708
0.0045628
0.0009619
0.0014423
0.0009365
0.0007287
0.0009406
0.0008063
0.0006881
0.0008675
0.0013577
0.0008277
0.0008457
0.0028287
0.0011902
0.0010063
0.0012123
0.0008030
0.0012485
0.0045948
0.0011967
0.0010190
0.0010843
0.0011077
0.0022486
0.0017181
0.0008856
0.0011885
0.0009985
0.0011319
0.0012025
0.0011770
0.0010276
0.0011590
0.0009348
0.0011376
0.0009032
0.0008983
0.0009282
0.0008034
0.0010884
0.0010966
0.0015396
0.0008880
0.0007480
0.0008987
0.0009529
0.0008207
0.0039577
0.0012460
0.0007562
0.0010149
0.0008515
0.0008026
0.0007837
0.0010416
0.0011614
0.0007460
0.0007525
0.0010030
0.0006483
0.0011093
0.0012875
0.0006901
0.0007673
0.0009016
0.0007263
0.0010966
0.0008699
0.0009422
0.0010288
0.0008642
0.0015153
0.0008585
0.0007809
0.0010026
0.0008420
0.0011598
0.0012912
0.0007887
0.0007579
0.0008917
0.0008847
0.0025183
0.0011598
0.0011233
0.0007176
0.0008006
0.0008716
0.0005616
0.0010687
0.0006302
0.0009525
0.0006507
0.0007287
0.0007222
0.0009783
0.0011380
0.0007057
0.0008515
0.0006992
0.0009147
0.0006581
0.0005206
0.0008018
0.0007788
0.0008892
0.0007993
0.0008621
0.0006015
0.0006487
0.0006507
0.0006051
0.0005136
0.0007308
0.0007312
0.0007328
0.0008244
0.0006749
0.0008199
0.0007238
0.0006680
0.0006507
0.0006626
0.0007061
0.0006840
0.0005895
0.0007185
0.0005698
0.0007997
0.0004229
0.0008330
0.0007534
0.0006359
0.0009997
0.0007308
0.0006918
0.0004808
0.0008638
0.0006905
0.0005358
0.0006265
0.0005744
0.0005493
0.0005982
0.0006339
0.0006811
0.0005017
0.0005567
0.0005522
0.0006741
0.0005214
0.0007468
0.0006983
0.0006343
0.0005912
0.0008170
0.0006626
0.0007722
0.0018893
0.0006355
0.0004947
0.0009110
0.0006002
0.0005148
0.0006630
0.0006663
0.0006388
0.0005937
0.0004032
0.0007045
0.0004976
0.0007476
0.0007246
0.0004118
0.0005386
0.0007246
0.0006622
0.0010198
0.0007390
0.0006212
0.0006823
0.0004623
0.0006795
0.0005440
0.0006684
0.0004348
0.0004996
0.0005793
0.0005785
0.0008773
0.0006019
0.0005863
0.0005583
0.0004298
0.0005990
0.0004520
0.0003691
0.0003736
0.0005477
0.0007300
0.0004976
0.0006125
0.0005432
0.0005189
0.0004027
0.0003761
0.0005473
0.0005694
0.0004840
0.0005768
0.0004606
0.0006199
0.0004151
0.0003568
0.0004968
0.0004775
0.0004590
0.0004040
0.0004171
0.0004639
0.0005748
0.0004803
0.0005407
0.0004836
0.0005629
0.0004976
0.0005107
0.0004073
0.0004393
0.0004939
0.0006244
0.0004323
0.0004278
0.0004085
0.0004196
0.0004216
0.0004130
0.0004902
0.0003908
0.0004639
0.0003707
0.0003937
0.0007456
0.0004939
0.0005292
0.0003908
0.0007624
0.0005230
0.0003440
0.0005612
0.0004972
0.0004307
0.0005115
0.0009668
0.0003576
0.0003798
0.0003510
0.0004200
0.0004557
0.0005025
0.0004056
0.0005156
0.0004964
0.0004512
0.0004824
0.0005058
0.0005263
0.0005612
0.0004483
0.0003592
0.0005177
0.0004705
0.0003613
0.0004450
0.0004836
0.0003527
0.0004073
0.0004208
0.0003777
0.0004397
0.0004746
0.0003617
0.0004208
0.0004697
0.0004742
0.0005809
0.0004824
0.0004048
0.0004832
0.0005042
0.0003371
0.0004044
0.0003280
0.0004918
0.0004569
0.0003600
0.0003461
0.0004701
0.0004339
0.0003835
0.0003112
0.0004750
0.0004684
0.0005107
0.0004454
0.0004680
0.0007419
0.0004812
0.0005050
0.0003991
0.0003227
0.0004762
0.0010912
0.0007599
0.0006836
0.0004594
0.0003256
0.0004376
0.0003083
0.0005452
0.0003551
0.0003978
0.0005321
0.0004069
0.0005341
0.0004701
0.0004261
0.0004278
0.0004931
0.0005781
0.0003921
0.0004286
0.0004877
0.0004812
0.0002697
0.0003288
0.0003818
0.0004865
0.0004245
0.0004331
0.0005247
0.0006322
0.0004409
0.0003633
0.0004639
0.0004126
0.0003174
0.0004019
0.0004101
0.0004918
0.0004471
0.0005288
0.0003798
0.0004073
0.0004984
0.0005058
0.0003999
0.0003362
0.0005042
0.0004122
0.0004364
0.0005037
0.0005390
0.0005148
0.0003904
0.0003793
0.0004450
0.0005932
0.0003748
0.0004196
0.0004303
0.0004229
0.0004619
0.0004019
0.0004500
0.0005583
0.0003309
0.0003531
0.0003444
0.0007997
0.0004393
0.0004668
0.0004319
0.0003399
0.0004179
0.0005255
0.0002833
0.0003539
0.0005411
0.0004721
0.0003724
0.0004787
0.0003806
0.0003313
0.0002492
0.0003334
0.0002632
0.0003190
0.0002800
0.0003075
0.0002636
0.0002303
0.0002484
0.0002352
0.0002788
0.0002993
0.0008864
0.0003757
0.0002907
0.0005534
0.0002550
0.0003346
0.0002619
0.0003588
0.0003325
0.0003395
0.0003071
0.0004951
0.0005087
0.0003715
0.0003617
0.0004619
0.0003293
0.0003687
0.0003793
0.0005345
0.0002533
0.0003194
0.0003268
0.0002045
0.0002648
0.0002324
0.0002299
0.0002660
0.0004003
0.0003030
0.0004795
0.0003350
0.0006080
0.0004873
0.0003999
0.0003108
0.0003929
0.0003256
0.0004237
0.0003046
0.0002853
0.0004163
0.0003293
0.0002529
0.0004376
0.0003925
0.0002660
0.0010112
0.0003642
0.0005050
0.0003798
0.0002562
0.0003346
0.0003506
0.0003366
0.0003588
0.0003547
0.0003740
0.0003145
0.0002825
0.0003297
0.0003822
0.0004126
0.0008552
0.0008227
0.0012267
0.0008461
0.0005916
0.0004364
0.0002652
0.0004015
0.0002726
0.0003461
0.0003186
0.0002430
0.0003350
0.0002779
0.0002763
0.0002615
0.0002981
0.0003715
0.0003395
0.0003071
0.0001971
0.0002262
0.0003982
0.0002451
0.0002422
0.0003256
0.0002660
0.0004524
0.0002964
0.0003149
0.0003481
0.0002443
0.0003231
0.0002463
0.0003009
0.0002940
0.0002952
0.0004504
0.0003568
0.0005534
0.0003982
0.0002952
0.0003161
0.0003395
0.0005957
0.0003288
0.0002894
0.0004327
0.0002989
0.0003654
0.0003247
0.0003321
0.0003711
0.0003449
0.0003691
0.0002192
0.0002911
0.0002402
0.0004044
0.0003428
0.0002192
0.0003732
0.0003182
0.0002086
0.0002365
0.0003116
0.0001852
0.0002352
0.0003576
0.0005222
0.0002184
0.0003502
0.0003252
0.0002348
0.0002800
0.0002184
0.0002467
0.0002640
0.0003194
0.0002205
0.0003387
0.0002849
0.0002775
0.0003338
0.0003633
0.0002024
0.0002513
0.0004155
0.0002270
0.0002127
0.0001942
0.0002496
0.0003354
0.0002196
0.0002254
0.0002816
0.0002110
0.0002246
0.0003256
0.0002020
0.0002036
0.0002525
0.0003227
0.0002377
0.0003707
0.0002398
0.0002623
0.0003231
0.0003309
0.0001979
0.0003215
0.0003527
0.0002192
0.0003962
0.0002829
0.0002644
0.0002143
0.0003091
0.0003149
0.0002118
0.0001983
0.0003174
0.0003346
0.0002373
0.0002209
0.0002028
0.0002656
0.0009742
0.0002874
0.0004450
0.0002192
0.0002455
0.0003194
0.0002488
0.0003962
0.0002513
0.0002463
0.0003059
0.0001938
0.0002476
0.0002094
0.0003449
0.0002139
0.0004171
0.0002517
0.0001934
0.0002439
0.0002537
0.0003096
0.0003194
0.0002722
0.0003116
0.0002381
0.0002866
0.0002664
0.0002591
0.0002541
0.0001889
0.0001930
0.0002907
0.0002422
0.0002976
0.0002332
0.0001544
0.0002406
0.0002233
0.0002262
0.0003806
0.0002172
0.0002689
0.0002582
0.0001872
0.0002081
0.0002147
0.0002903
0.0003042
0.0002775
0.0002159
0.0002242
0.0002373
0.0003108
0.0002722
0.0002164
0.0002016
0.0002283
0.0002853
0.0002028
0.0002077
0.0002258
0.0003071
0.0001806
0.0002562
0.0001864
0.0002874
0.0002660
0.0002406
0.0002209
0.0005292
0.0004771
0.0002734
0.0002788
0.0004479
0.0002726
0.0003054
0.0002537
0.0001843
0.0002755
0.0002599
0.0001696
0.0003046
0.0002738
0.0003034
0.0001765
0.0002849
0.0003818
0.0002833
0.0002217
0.0002586
0.0002862
0.0003096
0.0002944
0.0002742
0.0003469
0.0003186
0.0003896
0.0002492
0.0004266
0.0002537
0.0002315
0.0003112
0.0002726
0.0002402
0.0004011
0.0002894
0.0002911
0.0002656
0.0004175
0.0002246
0.0001351
0.0002784
0.0001618
0.0002422
0.0002299
0.0003260
0.0002952
0.0002016
0.0002118
0.0002878
0.0001852
0.0001568
0.0002192
0.0002529
0.0002607
0.0002352
0.0002266
0.0002471
0.0004147
0.0003059
0.0001675
0.0003091
0.0001938
0.0001843
0.0003116
0.0002250
0.0002213
0.0002270
0.0001704
0.0002595
0.0003071
0.0001991
0.0003543
0.0002040
0.0002237
0.0002094
0.0002640
0.0002562
0.0003514
0.0002513
0.0001843
0.0002229
0.0002554
0.0002295
0.0002894
0.0002652
0.0004315
0.0003124
0.0002742
0.0003506
0.0002525
0.0002365
0.0002315
0.0001913
0.0004869
0.0003847
0.0002878
0.0002476
0.0002340
0.0001737
0.0001449
0.0001749
0.0002660
0.0002348
0.0001942
0.0002451
0.0003379
0.0002533
0.0002328
0.0001691
0.0002258
0.0001835
0.0001634
0.0001749
0.0001737
0.0002057
0.0003720
0.0001737
0.0002221
0.0002024
0.0001720
0.0001889
0.0001474
0.0001962
0.0001761
0.0001728
0.0002020
0.0002283
0.0001687
0.0001925
0.0002775
0.0001975
0.0001544
0.0001778
0.0001285
0.0001667
0.0002960
0.0001585
0.0001659
0.0001938
0.0001696
0.0001696
0.0001991
0.0001622
0.0002213
0.0001864
0.0002147
0.0001868
0.0001749
0.0001092
0.0001359
0.0001388
0.0006655
0.0001223
0.0001445
0.0001675
0.0001613
0.0001802
0.0001453
0.0001154
0.0001806
0.0001560
0.0001408
0.0001150
0.0001215
0.0001252
0.0001638
0.0001700
0.0001815
0.0001310
0.0001408
0.0002348
0.0001938
0.0001720
0.0001815
0.0001917
0.0001983
0.0001589
0.0001412
0.0001753
0.0001786
0.0005538
0.0001724
0.0001338
0.0001470
0.0001408
0.0001076
0.0001655
0.0001823
0.0001540
0.0001026
0.0001416
0.0001811
0.0001503
0.0001540
0.0002069
0.0001683
0.0001429
0.0001490
0.0002135
0.0001728
0.0002028
0.0001622
0.0001794
0.0001696
0.0001745
0.0001322
0.0001137
0.0001371
0.0001806
0.0004434
0.0003580
0.0001379
0.0001182
0.0001544
0.0001581
0.0001815
0.0001531
0.0001425
0.0001790
0.0001047
0.0001182
0.0001289
0.0001215
0.0001326
0.0001400
0.0001363
0.0001277
0.0001761
0.0001519
0.0001306
0.0001696
0.0001228
0.0001523
0.0001420
0.0001191
0.0001720
0.0001199
0.0001420
0.0001232
0.0001712
0.0001088
0.0001601
0.0001843
0.0001228
0.0001240
0.0001186
0.0001515
0.0001150
0.0001150
0.0001474
0.0001519
0.0001228
0.0001289
0.0001786
0.0001211
0.0001552
0.0001757
0.0001630
0.0001847
0.0002081
0.0001741
0.0001379
0.0001293
0.0001392
0.0001811
0.0001490
0.0001613
0.0001170
0.0001655
0.0001490
0.0001039
0.0001248
0.0001240
0.0001486
0.0001724
0.0001622
0.0001733
0.0001880
0.0001995
0.0001790
0.0001384
0.0001815
0.0001831
0.0001544
0.0001700
0.0001371
0.0001794
0.0002570
0.0001462
0.0001626
0.0001733
0.0002619
0.0001412
0.0002024
0.0001043
0.0001737
0.0001338
0.0001531
0.0001285
0.0001704
0.0001498
0.0001174
0.0001655
0.0001260
0.0002952
0.0001811
0.0001696
0.0001326
0.0001338
0.0001486
0.0001581
0.0001769
0.0001474
0.0001326
0.0001228
0.0001634
0.0001174
0.0001511
0.0001150
0.0001088
0.0001166
0.0001351
0.0001745
0.0001301
0.0001388
0.0001108
0.0001178
0.0001655
0.0001482
0.0001893
0.0001207
0.0001359
0.0001650
0.0001158
0.0001384
0.0001408
0.0001667
0.0001117
0.0001236
0.0001141
0.0001404
0.0001232
0.0001178
0.0001515
0.0001441
0.0001088
0.0001474
0.0001154
0.0001663
0.0001088
0.0001191
0.0001556
0.0001671
0.0001338
0.0001314
0.0001482
0.0001219
0.0001355
0.0001384
0.0001457
0.0001277
0.0001301
0.0001605
0.0001228
0.0001585
0.0001264
0.0001314
0.0001613
0.0001252
0.0001277
0.0001388
0.0001712
0.0001486
0.0001334
0.0001761
0.0001388
0.0001195
0.0001416
0.0001293
0.0001519
0.0001281
0.0001556
0.0001236
0.0001433
0.0001211
0.0001663
0.0001544
0.0001162
0.0001026
0.0001166
0.0001433
0.0002086
0.0002012
0.0001507
0.0001055
0.0001232
0.0001363
0.0001289
0.0001934
0.0001979
0.0001794
0.0003551
0.0001556
0.0001856
0.0001659
0.0001622
0.0001950
0.0001297
0.0001765
0.0001597
0.0001223
0.0001306
0.0001199
0.0001318
0.0001277
0.0001412
0.0001696
0.0002151
0.0002554
0.0001811
0.0001219
0.0001675
0.0001260
0.0001421
0.0001351
0.0001388
0.0001306
0.0001359
0.0001642
0.0001293
0.0001490
0.0003026
0.0002562
0.0001671
0.0001942
0.0001663
0.0001704
0.0001905
0.0001757
0.0001609
0.0002459
0.0001720
0.0001256
0.0001342
0.0001716
0.0001696
0.0001650
0.0001281
0.0001351
0.0001597
0.0001556
0.0001330
0.0001917
0.0002077
0.0001646
0.0001137
0.0001593
0.0001371
0.0001696
0.0001507
0.0001355
0.0001609
0.0001494
0.0001462
0.0001269
0.0001219
0.0001441
0.0001716
0.0001494
0.0001556
0.0001269
0.0001104
0.0001429
0.0001811
0.0001379
0.0001962
0.0001790
0.0001909
0.0001716
0.0001769
0.0001453
0.0001601
0.0001457
0.0001552
0.0001347
0.0001806
0.0001806
0.0001852
0.0001679
0.0002291
0.0001531
0.0001655
0.0001544
0.0001363
0.0002123
0.0001930
0.0001137
0.0001979
0.0001716
0.0001897
0.0002049
0.0001433
0.0001847
0.0001893
0.0001618
0.0001655
0.0001494
0.0001589
0.0001507
0.0001540
0.0001934
0.0001375
0.0001823
0.0001379
0.0001429
0.0001486
0.0001400
0.0001720
0.0001478
0.0001474
0.0001289
0.0001769
0.0001655
0.0001556
0.0001306
0.0001256
0.0001392
0.0001597
0.0001449
0.0001404
0.0001363
0.0001429
0.0001601
0.0001975
0.0001630
0.0001453
0.0001318
0.0001548
0.0002065
0.0001462
0.0001593
0.0001244
0.0001572
0.0001540
0.0001363
0.0001868
0.0001338
0.0001334
0.0001084
0.0001437
0.0001564
0.0001552
0.0001704
0.0001441
0.0001314
0.0001515
0.0001318
0.0001634
0.0001355
0.0001162
0.0001782
0.0001342
0.0001671
0.0001667
0.0001474
0.0001453
0.0001589
0.0001494
0.0001503
0.0001429
0.0001416
0.0001531
0.0001281
0.0001556
0.0001769
0.0001975
0.0001950
0.0002147
0.0001687
0.0002348
0.0001856
0.0002110
0.0001708
0.0001749
0.0002155
0.0001663
0.0001482
0.0002008
0.0002336
0.0001412
0.0001162
0.0001330
0.0001585
0.0001749
0.0001679
0.0001642
0.0001531
0.0001063
0.0001560
0.0001429
0.0001326
0.0001470
0.0001930
0.0001503
0.0001905
0.0001486
0.0001720
0.0001215
0.0001613
0.0001174
0.0001277
0.0001191
0.0001618
0.0001482
0.0001523
0.0001457
0.0001449
0.0001293
0.0001712
0.0001260
0.0001277
0.0001577
0.0002106
0.0001876
0.0002123
0.0001971
0.0001954
0.0001293
0.0002180
0.0001909
0.0001720
0.0001420
0.0001277
0.0001433
0.0001498
0.0001691
0.0001753
0.0001527
0.0001811
0.0001642
0.0001827
0.0001219
0.0001556
0.0001597
0.0001182
0.0001474
0.0001371
0.0001835
0.0001342
0.0001379
0.0001260
0.0001720
0.0002944
0.0001581
0.0001720
0.0001211
0.0001355
0.0001145
0.0001355
0.0001404
0.0001375
0.0001170
0.0001088
0.0001589
0.0001281
0.0001482
0.0001113
0.0004372
0.0001769
0.0001585
0.0001823
0.0001273
0.0001790
0.0001646
0.0002098
0.0001281
0.0002237
0.0001823
0.0001482
0.0001293
0.0001334
0.0001310
0.0001219
0.0001256
0.0001371
0.0001552
0.0001470
0.0006409
0.0001195
0.0001215
0.0001281
0.0002098
0.0001088
0.0001326
0.0001113
0.0001749
0.0001166
0.0001572
0.0001330
0.0001269
0.0000981
0.0001059
0.0001104
0.0001388
0.0001088
0.0001092
0.0001334
0.0001351
0.0001691
0.0001618
0.0001240
0.0001519
0.0003945
0.0011680
0.0001934
0.0001425
0.0001778
0.0001392
0.0001022
0.0001310
0.0000920
0.0001388
0.0001433
0.0001211
0.0001293
0.0001605
0.0001260
0.0000706
0.0001367
0.0001630
0.0000998
0.0001117
0.0001203
0.0000973
0.0001260
0.0001211
0.0001347
0.0001125
0.0001158
0.0001462
0.0001145
0.0001191
0.0001675
0.0001018
0.0001022
0.0001084
0.0000989
0.0001092
0.0001396
0.0001420
0.0001002
0.0001145
0.0000965
0.0001363
0.0001293
0.0000998
0.0000989
0.0001330
0.0001092
0.0001117
0.0001293
0.0001059
0.0001166
0.0001035
0.0001445
0.0001002
0.0001367
0.0001277
0.0001269
0.0001199
0.0001059
0.0001375
0.0001088
0.0001240
0.0001158
0.0001540
0.0001186
0.0001055
0.0001437
0.0001486
0.0002582
0.0001158
0.0001478
0.0001958
0.0001363
0.0004261
0.0004475
0.0001293
0.0001494
0.0001240
0.0001351
0.0001811
0.0001946
0.0001314
0.0001355
0.0001905
0.0001441
0.0002016
0.0001318
0.0001572
0.0001363
0.0001757
0.0001622
0.0001962
0.0001416
0.0001281
0.0001872
0.0002139
0.0001909
0.0001240
0.0001108
0.0001802
0.0001531
0.0001310
0.0000928
0.0001478
0.0001638
0.0001297
0.0001675
0.0001334
0.0001577
0.0001737
0.0001905
0.0001749
0.0002956
0.0002135
0.0001605
0.0001429
0.0001683
0.0001260
0.0001047
0.0001646
0.0001774
0.0001474
0.0001347
0.0001022
0.0001445
0.0002008
0.0001223
0.0001388
0.0001786
0.0001462
0.0001835
0.0001630
0.0001203
0.0001429
0.0001215
0.0001264
0.0001696
0.0001342
0.0001552
0.0001700
0.0001527
0.0001618
0.0001548
0.0001704
0.0001499
0.0001137
0.0001396
0.0001351
0.0001322
0.0001466
0.0001293
0.0001379
0.0002903
0.0002422
0.0002098
0.0001839
0.0001778
0.0001326
0.0001453
0.0001704
0.0001671
0.0001392
0.0002040
0.0001478
0.0001609
0.0001634
0.0001548
0.0001478
0.0001474
0.0001449
0.0001445
0.0001486
0.0001872
0.0002849
0.0001700
0.0001962
0.0002845
0.0001626
0.0001219
0.0001942
0.0001474
0.0001913
0.0001794
0.0001334
0.0001375
0.0001363
0.0001174
0.0001108
0.0001425
0.0001847
0.0001429
0.0001798
0.0001478
0.0001199
0.0001503
0.0001207
0.0001363
0.0001716
0.0001728
0.0001811
0.0001691
0.0001511
0.0001765
0.0001679
0.0001474
0.0001618
0.0001765
0.0001306
0.0001819
0.0001379
0.0001207
0.0001548
0.0001527
0.0001798
0.0001080
0.0001412
0.0001203
0.0001367
0.0001067
0.0001700
0.0001605
0.0001490
0.0001010
0.0002266
0.0001609
0.0001453
0.0001548
0.0001404
0.0001363
0.0001757
0.0001072
0.0001577
0.0001322
0.0001289
0.0001252
0.0001511
0.0001297
0.0001412
0.0001564
0.0001306
0.0001934
0.0001273
0.0001486
0.0001408
0.0001696
0.0001876
0.0001433
0.0001552
0.0001326
0.0001585
0.0001293
0.0001326
0.0001150
0.0000977
0.0001646
0.0001108
0.0001314
0.0001769
0.0001531
0.0001260
0.0001667
0.0001540
0.0001737
0.0001092
0.0001289
0.0001490
0.0001223
0.0001659
0.0002024
0.0001260
0.0001186
0.0001330
0.0001437
0.0001384
0.0001712
0.0001236
0.0001741
0.0001765
0.0001285
0.0001437
0.0001433
0.0001342
0.0001958
0.0001158
0.0001560
0.0001306
0.0001347
0.0001499
0.0001552
0.0001737
0.0001326
0.0001289
0.0001515
0.0001540
0.0001601
0.0001753
0.0001835
0.0001416
0.0001371
0.0001507
0.0001334
0.0001745
0.0001248
0.0001264
0.0001277
0.0001531
0.0001679
0.0001392
0.0001490
0.0001544
0.0001778
0.0001893
0.0001223
0.0001733
0.0001671
0.0001659
0.0001145
0.0001691
0.0001047
0.0001482
0.0001228
0.0001901
0.0001133
0.0001191
0.0001548
0.0001696
0.0001626
0.0001613
0.0001753
0.0001453
0.0001367
0.0001638
0.0001511
0.0001363
0.0001597
0.0001388
0.0001384
0.0001207
0.0001207
0.0001449
0.0001950
0.0001605
0.0001191
0.0001244
0.0001404
0.0002032
0.0001622
0.0001519
0.0001691
0.0001540
0.0001503
0.0001659
0.0001593
0.0001219
0.0001310
0.0002032
0.0001318
0.0001334
0.0001958
0.0001199
0.0001285
0.0001946
0.0001322
0.0001872
0.0001962
0.0001827
0.0001589
0.0001474
0.0001347
0.0001745
0.0001462
0.0001733
0.0001708
0.0001589
0.0002077
0.0001585
0.0001178
0.0001962
0.0001203
0.0001971
0.0001248
0.0001478
0.0001696
0.0001868
0.0001338
0.0001355
0.0001577
0.0001228
0.0001273
0.0001679
0.0001519
0.0002094
0.0001269
0.0001396
0.0001671
0.0001827
0.0001470
0.0001872
0.0001293
0.0001445
0.0001256
0.0001441
0.0001531
0.0001655
0.0001527
0.0001786
0.0001613
0.0001076
0.0001420
0.0001733
0.0002143
0.0001326
0.0001499
0.0001433
0.0001556
0.0001433
0.0001367
0.0001351
0.0001462
0.0001215
0.0002008
0.0001794
0.0001860
0.0001478
0.0001556
0.0001236
0.0001761
0.0001219
0.0001917
0.0001601
0.0001408
0.0001322
0.0001622
0.0001712
0.0002073
0.0001634
0.0001457
0.0001347
0.0001786
0.0001823
0.0001523
0.0001626
0.0001482
0.0001462
0.0001150
0.0001400
0.0001244
0.0001999
0.0001655
0.0001548
0.0001379
0.0001593
0.0001790
0.0001700
0.0001351
0.0001938
0.0001991
0.0001236
0.0001720
0.0001445
0.0001297
0.0001720
0.0001281
0.0001400
0.0001864
0.0001638
0.0001634
0.0001334
0.0001482
0.0001556
0.0001478
0.0001527
0.0001470
0.0001847
0.0001437
0.0001297
0.0001638
0.0001264
0.0001659
0.0001269
0.0001215
0.0001531
0.0001433
0.0001223
0.0001831
0.0001396
0.0001273
0.0001355
0.0001342
0.0001330
0.0002151
0.0001655
0.0001572
0.0001051
0.0001314
0.0001347
0.0001478
0.0001129
0.0001301
0.0001264
0.0001371
0.0001531
0.0001494
0.0001338
0.0001367
0.0001334
0.0001659
0.0001618
0.0001322
0.0001273
0.0001568
0.0001252
0.0001466
0.0001642
0.0001269
0.0003260
0.0001995
0.0001318
0.0001355
0.0001248
0.0001581
0.0001211
0.0001486
0.0001691
0.0001449
0.0001330
0.0001273
0.0001597
0.0001199
0.0001757
0.0001264
0.0001798
0.0001626
0.0001166
0.0001457
0.0001507
0.0001408
0.0001404
0.0001942
0.0001441
0.0001470
0.0001330
0.0001330
0.0001379
0.0001433
0.0001696
0.0001519
0.0001568
0.0001412
0.0001199
0.0001182
0.0001371
0.0001527
0.0001375
0.0001367
0.0001831
0.0001975
0.0001453
0.0001342
0.0001416
0.0003268
0.0001499
0.0001901
0.0001507
0.0001819
0.0001552
0.0001761
0.0001679
0.0001712
0.0001178
0.0001429
0.0001252
0.0001716
0.0001453
0.0001905
0.0001490
0.0001618
0.0001560
0.0001355
0.0001724
0.0001815
0.0001790
0.0001618
0.0001663
0.0001215
0.0001482
0.0001556
0.0001433
0.0001601
0.0001934
0.0001433
0.0001856
0.0001897
0.0001720
0.0001310
0.0001724
0.0001347
0.0001338
0.0001355
0.0002020
0.0002090
0.0001174
0.0001507
0.0001572
0.0001384
0.0001794
0.0001700
0.0001938
0.0001835
0.0001650
0.0001392
0.0001889
0.0001741
0.0001913
0.0001667
0.0001404
0.0001437
0.0001478
0.0001593
0.0001269
0.0001728
0.0001790
0.0001285
0.0001741
0.0001445
0.0001634
0.0001745
0.0002221
0.0001790
0.0001720
0.0001991
0.0001531
0.0001195
0.0001499
0.0001626
0.0001203
0.0001462
0.0001318
0.0001375
0.0001901
0.0001540
0.0001416
0.0001400
0.0001379
0.0001806
0.0001470
0.0001384
0.0001942
0.0001548
0.0001581
0.0002927
0.0003765
0.0001839
0.0001778
0.0001223
0.0001650
0.0001938
0.0001211
0.0001552
0.0001618
0.0001544
0.0001519
0.0001712
0.0001761
0.0001433
0.0001778
0.0001568
0.0002258
0.0001737
0.0001482
0.0001769
0.0001737
0.0001437
0.0001802
0.0001683
0.0002225
0.0001540
0.0001548
0.0002094
0.0001733
0.0001622
0.0001897
0.0001971
0.0001819
0.0001663
0.0001868
0.0002430
0.0001470
0.0001880
0.0001696
0.0001589
0.0001786
0.0001445
0.0001367
0.0001462
0.0001823
0.0001720
0.0001971
0.0001913
0.0001864
0.0001749
0.0001232
0.0001798
0.0001733
0.0001691
0.0001396
0.0001979
0.0001490
0.0001806
0.0001371
0.0001503
0.0001650
0.0001581
0.0001371
0.0001893
0.0001704
0.0001568
0.0001396
0.0001811
0.0001687
0.0002196
0.0001925
0.0001433
0.0002143
0.0001946
0.0001634
0.0001675
0.0001626
0.0002012
0.0001794
0.0001375
0.0001593
0.0001687
0.0001416
0.0002172
0.0002057
0.0001523
0.0001954
0.0001675
0.0001782
0.0001831
0.0001462
0.0002081
0.0001347
0.0001663
0.0001613
0.0001975
0.0001757
0.0001856
0.0003104
0.0002357
0.0001527
0.0001564
0.0001704
0.0001733
0.0001519
0.0001400
0.0001724
0.0001749
0.0001749
0.0001687
0.0001420
0.0001798
0.0001720
0.0001921
0.0001486
0.0001577
0.0002016
0.0001535
0.0001453
0.0001462
0.0001835
0.0001589
0.0001589
0.0001453
0.0001400
0.0001355
0.0001515
0.0003309
0.0001433
0.0001720
0.0002061
0.0001437
0.0002065
0.0001412
0.0001646
0.0001256
0.0002036
0.0001938
0.0002036
0.0002213
0.0001921
0.0001642
0.0001585
0.0001347
0.0001535
0.0001823
0.0001449
0.0001544
0.0001318
0.0001392
0.0002127
0.0003206
0.0001568
0.0001445
0.0001659
0.0001531
0.0001724
0.0001457
0.0002020
0.0001987
0.0002077
0.0001453
0.0001753
0.0001211
0.0001609
0.0001416
0.0001884
0.0001728
0.0002045
0.0001494
0.0001511
0.0002024
0.0001527
0.0002632
0.0001626
0.0001975
0.0001618
0.0001433
0.0001823
0.0001482
0.0001347
0.0002151
0.0001720
0.0001494
0.0001593
0.0001749
0.0001404
0.0002003
0.0001285
0.0001367
0.0001568
0.0001843
0.0001646
0.0001560
0.0001449
0.0001626
0.0001355
0.0001568
0.0001860
0.0001790
0.0001429
0.0002073
0.0001930
0.0002028
0.0001655
0.0002102
0.0002229
0.0001847
0.0001741
0.0001474
0.0001815
0.0001831
0.0001486
0.0001671
0.0001683
0.0001811
0.0001630
0.0001712
0.0001556
0.0001527
0.0001375
0.0002192
0.0001470
0.0001622
0.0003637
0.0002028
0.0002254
0.0001864
0.0001462
0.0002188
0.0001835
0.0002825
0.0002344
0.0001679
0.0001704
0.0002332
0.0001884
0.0004508
0.0002061
0.0001408
0.0002086
0.0001962
0.0001679
0.0001909
0.0002307
0.0001696
0.0002139
0.0001745
0.0001909
0.0001618
0.0001942
0.0001798
0.0002673
0.0001827
0.0001737
0.0001490
0.0001868
0.0001872
0.0001802
0.0001577
0.0001753
0.0001511
0.0001667
0.0001774
0.0001716
0.0001285
0.0001609
0.0001925
0.0001782
0.0002012
0.0002455
0.0001938
0.0001667
0.0001650
0.0002077
0.0001893
0.0002344
0.0001334
0.0002061
0.0002279
0.0001462
0.0002697
0.0001843
0.0001921
0.0001843
0.0001819
0.0001425
0.0001991
0.0002324
0.0002558
0.0002779
0.0001540
0.0002894
0.0002254
0.0001679
0.0001917
0.0003018
0.0002262
0.0001880
0.0001802
0.0001761
0.0001498
0.0003391
0.0002742
0.0003149
0.0002020
0.0001983
0.0001737
0.0002036
0.0002471
0.0001638
0.0001893
0.0002718
0.0002127
0.0002073
0.0001967
0.0001975
0.0002045
0.0001540
0.0001774
0.0001737
0.0001913
0.0001954
0.0001531
0.0001839
0.0001720
0.0001831
0.0002016
0.0001917
0.0001548
0.0002578
0.0001782
0.0002274
0.0002102
0.0002763
0.0001782
0.0001593
0.0001564
0.0002114
0.0001618
0.0001733
0.0001379
0.0001384
0.0001975
0.0002279
0.0001494
0.0001581
0.0001831
0.0001396
0.0001540
0.0001338
0.0001872
0.0001548
0.0001384
0.0001880
0.0002299
0.0001897
0.0001314
0.0001297
0.0001798
0.0001301
0.0002077
0.0001942
0.0001745
0.0001277
0.0001839
0.0001724
0.0002123
0.0001638
0.0001712
0.0001523
0.0001724
0.0001400
0.0001983
0.0001613
0.0001700
0.0001363
0.0001646
0.0001535
0.0001646
0.0001273
0.0001285
0.0001400
0.0001720
0.0001482
0.0001737
0.0001626
0.0001708
0.0001486
0.0001330
0.0001728
0.0001872
0.0001774
0.0001449
0.0001556
0.0001490
0.0002020
0.0001995
0.0001540
0.0001860
0.0001671
0.0001478
0.0001884
0.0002008
0.0001474
0.0001408
0.0001835
0.0001683
0.0001593
0.0002073
0.0001577
0.0001864
0.0001975
0.0001400
0.0001716
0.0001741
0.0002180
0.0001486
0.0001749
0.0001544
0.0001823
0.0001901
0.0001839
0.0001416
0.0001839
0.0001646
0.0001322
0.0001815
0.0001778
0.0001449
0.0001646
0.0001515
0.0001412
0.0002016
0.0001749
0.0001691
0.0001769
0.0001150
0.0001638
0.0001962
0.0001852
0.0002250
0.0001778
0.0001704
0.0001691
0.0001474
0.0001560
0.0001437
0.0001667
0.0001269
0.0001942
0.0001634
0.0001523
0.0001531
0.0001733
0.0001441
0.0001860
0.0001753
0.0001757
0.0001457
0.0001228
0.0001585
0.0001749
0.0001671
0.0001589
0.0001749
0.0001589
0.0001884
0.0001683
0.0001195
0.0001901
0.0001704
0.0002065
0.0001675
0.0001728
0.0001667
0.0001691
0.0001429
0.0001708
0.0001765
0.0001572
0.0001700
0.0001535
0.0002365
0.0001843
0.0001351
0.0001765
0.0001425
0.0001655
0.0001552
0.0001802
0.0001457
0.0001486
0.0001277
0.0001700
0.0001765
0.0001852
0.0001613
0.0001535
0.0001843
0.0001815
0.0001962
0.0001971
0.0001905
0.0001601
0.0001683
0.0001917
0.0001741
0.0001556
0.0001733
0.0001642
0.0001642
0.0001626
0.0001482
0.0001408
0.0001535
0.0001716
0.0001655
0.0001618
0.0001811
0.0001642
0.0001806
0.0001716
0.0001457
0.0001622
0.0001700
0.0001733
0.0001482
0.0001659
0.0001650
0.0001675
0.0001737
0.0001281
0.0001733
0.0001728
0.0001646
0.0001712
0.0001618
0.0001613
0.0001909
0.0001568
0.0001490
0.0001823
0.0001642
0.0001630
0.0001786
0.0001379
0.0001671
0.0001889
0.0001708
0.0001815
0.0001162
0.0001104
0.0002283
0.0001494
0.0001749
0.0001659
0.0001868
0.0001622
0.0001909
0.0001806
0.0001757
0.0001626
0.0001597
0.0001827
0.0001712
0.0001642
0.0001663
0.0001835
0.0001679
0.0001798
0.0001597
0.0001482
0.0001843
0.0001835
0.0002147
0.0001967
0.0001765
0.0001675
0.0001453
0.0001589
0.0001137
0.0001638
0.0001507
0.0001700
0.0001240
0.0001609
0.0001609
0.0001835
0.0001741
0.0001806
0.0001515
0.0001593
0.0001597
0.0001655
0.0001269
0.0001737
0.0002299
0.0001560
0.0001457
0.0001811
0.0001519
0.0001420
0.0001934
0.0002118
0.0001868
0.0001334
0.0003457
0.0002964
0.0003137
0.0001494
0.0002201
0.0002081
0.0002205
0.0002706
0.0002935
0.0002081
0.0004582
0.0001802
0.0003100
0.0002874
0.0001638
0.0002237
0.0001925
0.0001794
0.0002262
0.0001856
0.0001860
0.0002324
0.0001868
0.0001930
0.0002139
0.0002135
0.0001975
0.0001975
0.0002254
0.0001856
0.0001449
0.0001794
0.0001741
0.0001778
0.0002619
0.0001556
0.0001544
0.0001745
0.0002217
0.0002118
0.0002533
0.0002656
0.0002307
0.0001905
0.0001540
0.0001913
0.0002726
0.0001880
0.0002734
0.0005292
0.0003896
0.0001778
0.0002299
0.0001474
0.0001815
0.0001420
0.0001897
0.0002714
0.0002324
0.0001626
0.0001741
0.0002024
0.0002201
0.0001921
0.0001819
0.0001811
0.0001724
0.0002143
0.0001884
0.0001593
0.0001486
0.0001609
0.0001125
0.0001178
0.0001511
0.0002250
0.0001314
0.0001170
0.0001979
0.0001942
0.0001884
0.0006692
0.0002373
0.0001478
0.0001827
0.0001917
0.0001466
0.0002570
0.0001934
0.0001679
0.0001511
0.0001416
0.0002143
0.0001646
0.0001363
0.0001503
0.0001404
0.0001531
0.0001597
0.0001667
0.0001852
0.0001683
0.0001983
0.0001663
0.0001642
0.0001322
0.0001880
0.0001630
0.0001613
0.0001535
0.0001310
0.0001416
0.0001934
0.0001416
0.0001293
0.0001453
0.0002065
0.0001482
0.0001301
0.0001634
0.0001564
0.0001293
0.0001507
0.0001084
0.0001162
0.0001412
0.0001429
0.0001310
0.0001010
0.0001104
0.0001158
0.0000977
0.0001696
0.0001708
0.0001285
0.0001137
0.0001289
0.0001186
0.0001174
0.0001392
0.0001363
0.0001215
0.0001568
0.0001379
0.0001560
0.0003005
0.0002459
0.0001581
0.0001482
0.0001043
0.0001338
0.0001572
0.0001646
0.0001659
0.0001531
0.0001018
0.0001347
0.0001753
0.0001462
0.0001634
0.0001400
0.0001310
0.0000961
0.0001273
0.0001026
0.0001597
0.0001421
0.0001232
0.0001174
0.0001437
0.0001683
0.0001872
0.0001490
0.0001182
0.0001429
0.0001412
0.0001712
0.0001404
0.0001535
0.0001388
0.0001338
0.0001515
0.0001306
0.0001486
0.0001297
0.0001412
0.0001540
0.0001392
0.0001363
0.0001453
0.0001375
0.0001445
0.0001930
0.0001326
0.0001326
0.0001847
0.0001737
0.0001704
0.0001523
0.0001425
0.0001687
0.0001884
0.0001733
0.0001285
0.0001618
0.0001860
0.0001552
0.0001174
0.0001314
0.0001306
0.0001211
0.0001535
0.0001499
0.0001728
0.0001474
0.0001819
0.0001831
0.0002623
0.0002217
0.0001650
0.0001921
0.0001872
0.0002365
0.0001905
0.0001577
0.0001827
0.0001823
0.0001408
0.0001108
0.0002106
0.0001392
0.0001724
0.0001441
0.0001650
0.0001560
0.0001650
0.0001564
0.0001585
0.0001593
0.0002209
0.0001691
0.0001917
0.0002040
0.0002147
0.0001445
0.0001392
0.0001802
0.0001585
0.0001560
0.0001388
0.0001585
0.0001170
0.0001737
0.0001318
0.0001154
0.0003005
0.0002201
0.0001728
0.0001347
0.0001404
0.0001301
0.0001453
0.0001667
0.0001589
0.0001593
0.0001244
0.0001577
0.0001503
0.0001412
0.0001597
0.0002628
0.0001630
0.0001433
0.0001519
0.0001548
0.0001457
0.0001544
0.0001236
0.0001347
0.0001256
0.0001581
0.0001158
0.0001794
0.0001683
0.0001523
0.0001531
0.0001322
0.0001659
0.0001408
0.0001490
0.0001474
0.0001240
0.0001035
0.0001248
0.0001819
0.0001839
0.0002496
0.0001934
0.0001388
0.0001667
0.0001535
0.0001232
0.0001765
0.0001384
0.0001400
0.0001215
0.0001511
0.0001342
0.0001474
0.0001675
0.0001252
0.0003297
0.0002258
0.0001482
0.0002952
0.0001983
0.0001938
0.0001396
0.0001277
0.0002340
0.0001991
0.0001010
0.0002940
0.0001872
0.0002053
0.0001277
0.0001297
0.0001326
0.0001273
0.0001618
0.0002147
0.0001609
0.0001260
0.0001716
0.0002065
0.0001273
0.0002032
0.0001375
0.0001749
0.0001847
0.0001667
0.0001815
0.0001650
0.0001342
0.0001901
0.0001548
0.0001166
0.0001264
0.0001691
0.0001207
0.0001696
0.0001297
0.0001638
0.0003018
0.0001301
0.0001240
0.0001478
0.0001445
0.0001195
0.0002615
0.0001499
0.0001691
0.0001408
0.0001289
0.0001162
0.0001708
0.0001277
0.0001671
0.0001379
0.0001133
0.0001568
0.0001363
0.0001260
0.0001252
0.0001310
0.0002402
0.0001704
0.0001909
0.0001642
0.0001815
0.0001806
0.0001482
0.0002652
0.0001482
0.0002763
0.0001195
0.0001215
0.0001893
0.0001264
0.0001749
0.0001622
0.0002779
0.0002028
0.0001691
0.0002003
0.0001400
0.0001930
0.0001679
0.0001552
0.0001950
0.0001499
0.0001589
0.0001626
0.0001322
0.0001494
0.0001494
0.0001318
0.0001310
0.0001552
0.0001236
0.0001626
0.0001412
0.0001384
0.0001449
0.0001605
0.0001626
0.0001338
0.0001416
0.0001400
0.0001449
0.0001523
0.0001490
0.0001540
0.0001301
0.0001589
0.0001548
0.0001835
0.0001433
0.0002213
0.0001687
0.0001560
0.0001659
0.0001622
0.0001462
0.0001585
0.0001314
0.0001819
0.0001359
0.0001462
0.0001351
0.0001429
0.0001199
0.0001453
0.0001515
0.0001548
0.0001412
0.0002714
0.0002262
0.0002677
0.0001601
0.0001761
0.0001638
0.0001457
0.0001219
0.0001535
0.0001745
0.0001655
0.0001240
0.0001568
0.0001585
0.0001367
0.0001987
0.0002447
0.0002147
0.0001453
0.0001478
0.0001679
0.0001470
0.0003432
0.0001416
0.0001921
0.0001511
0.0001544
0.0001433
0.0001326
0.0002870
0.0001540
0.0001470
0.0001449
0.0001462
0.0001453
0.0001388
0.0003009
0.0001852
0.0001412
0.0001663
0.0001823
0.0001556
0.0001872
0.0001630
0.0001568
0.0001507
0.0001499
0.0001609
0.0001716
0.0002443
0.0001593
0.0001642
0.0001384
0.0001897
0.0001412
0.0001712
0.0001515
0.0001613
0.0001691
0.0001293
0.0001379
0.0001618
0.0001264
0.0001659
0.0001420
0.0001737
0.0001334
0.0001170
0.0001248
0.0001663
0.0001219
0.0001913
0.0001277
0.0001416
0.0001318
0.0001498
0.0001499
0.0001293
0.0001523
0.0001691
0.0001113
0.0001215
0.0001478
0.0001630
0.0001314
0.0001601
0.0001310
0.0001646
0.0001334
0.0001400
0.0001412
0.0001248
0.0001244
0.0001067
0.0001388
0.0001712
0.0001244
0.0001285
0.0001379
0.0001811
0.0001761
0.0001531
0.0001400
0.0001404
0.0001203
0.0001568
0.0001560
0.0001577
0.0001544
0.0001449
0.0001490
0.0005456
0.0001679
0.0001802
0.0001158
0.0001301
0.0001264
0.0001404
0.0001018
0.0001248
0.0001642
0.0001700
0.0001622
0.0001577
0.0001150
0.0001236
0.0001211
0.0001244
0.0001215
0.0001379
0.0001347
0.0001285
0.0001178
0.0001663
0.0001170
0.0001269
0.0001388
0.0001186
0.0001264
0.0001577
0.0001289
0.0001170
0.0001072
0.0001301
0.0001342
0.0001741
0.0001310
0.0001256
0.0001252
0.0001338
0.0001182
0.0001145
0.0001174
0.0001392
0.0001199
0.0001412
0.0001338
0.0001129
0.0001269
0.0001088
0.0001277
0.0001273
0.0002837
0.0001490
0.0002410
0.0001195
0.0001133
0.0001285
0.0001207
0.0001400
0.0001342
0.0001605
0.0001597
0.0001351
0.0001322
0.0002032
0.0001577
0.0001831
0.0001568
0.0001667
0.0002086
0.0001827
0.0001646
0.0001572
0.0001650
0.0001696
0.0001609
0.0001728
0.0001560
0.0001605
0.0001351
0.0001761
0.0001420
0.0001367
0.0001281
0.0001375
0.0001158
0.0001347
0.0001720
0.0002710
0.0001429
0.0001277
0.0001909
0.0001466
0.0001371
0.0001338
0.0002320
0.0001901
0.0001626
0.0001700
0.0002849
0.0003235
0.0002476
0.0001577
0.0001655
0.0001388
0.0001663
0.0001630
0.0001741
0.0001646
0.0001687
0.0001626
0.0001946
0.0001367
0.0001634
0.0001486
0.0001273
0.0001642
0.0001457
0.0001675
0.0001572
0.0001663
0.0001429
0.0001519
0.0001667
0.0001655
0.0002595
0.0001523
0.0001540
0.0001527
0.0001408
0.0001490
0.0001683
0.0001650
0.0001671
0.0001400
0.0001769
0.0001864
0.0001934
0.0002147
0.0001457
0.0002003
0.0001199
0.0001400
0.0001273
0.0001281
0.0001445
0.0001018
0.0001589
0.0001260
0.0001166
0.0001482
0.0001355
0.0001420
0.0001051
0.0001219
0.0001182
0.0001129
0.0001117
0.0001618
0.0001847
0.0001092
0.0001228
0.0001334
0.0001186
0.0001342
0.0001256
0.0001441
0.0001371
0.0001174
0.0001264
0.0001609
0.0001310
0.0001605
0.0001589
0.0001125
0.0001474
0.0001125
0.0001047
0.0001609
0.0001338
0.0001437
0.0001232
0.0001330
0.0001121
0.0001076
0.0001273
0.0001556
0.0001195
0.0001552
0.0001252
0.0002069
0.0001191
0.0001264
0.0001174
0.0001515
0.0001232
0.0001306
0.0001195
0.0001281
0.0001236
0.0001207
0.0001113
0.0001223
0.0001306
0.0001002
0.0001039
0.0001412
0.0001400
0.0001375
0.0001125
0.0001285
0.0001244
0.0001059
0.0001466
0.0001002
0.0001010
0.0001544
0.0001404
0.0001363
0.0001420
0.0001462
0.0001322
0.0001753
0.0001330
0.0001285
0.0001108
0.0001059
0.0001478
0.0001326
0.0001457
0.0001260
0.0001589
0.0001769
0.0001761
0.0001108
0.0001420
0.0001618
0.0001445
0.0001433
0.0001622
0.0001482
0.0001564
0.0001384
0.0001104
0.0001318
0.0001560
0.0001232
0.0001338
0.0001166
0.0001507
0.0001342
0.0001301
0.0001199
0.0001047
0.0001737
0.0001408
0.0001228
0.0001429
0.0001622
0.0001334
0.0001392
0.0001675
0.0001248
0.0001371
0.0001388
0.0001503
0.0001310
0.0001133
0.0001334
0.0001117
0.0001379
0.0001314
0.0001047
0.0001507
0.0001425
0.0001207
0.0001757
0.0001145
0.0001240
0.0001507
0.0001683
0.0001367
0.0001289
0.0001351
0.0001375
0.0001478
0.0001421
0.0001178
0.0001408
0.0001310
0.0001178
0.0001297
0.0001371
0.0001523
0.0001330
0.0001498
0.0001889
0.0001351
0.0001293
0.0001404
0.0001597
0.0001203
0.0001802
0.0001392
0.0001375
0.0001548
0.0001416
0.0001441
0.0001203
0.0001482
0.0001416
0.0001195
0.0001347
0.0001211
0.0001527
0.0001486
0.0001371
0.0001113
0.0001749
0.0001318
0.0001306
0.0001178
0.0001449
0.0001375
0.0001441
0.0003342
0.0001774
0.0001203
0.0001671
0.0001564
0.0001355
0.0001310
0.0001457
0.0001170
0.0001150
0.0001195
0.0001338
0.0001252
0.0001396
0.0001679
0.0001384
0.0001708
0.0001289
0.0001396
0.0001425
0.0001314
0.0001552
0.0001240
0.0001330
0.0001342
0.0001535
0.0001646
0.0001527
0.0001564
0.0001589
0.0001264
0.0001347
0.0001170
0.0001778
0.0001371
0.0001835
0.0001478
0.0001359
0.0001453
0.0001301
0.0001203
0.0001338
0.0001195
0.0001289
0.0001338
0.0001330
0.0001441
0.0001150
0.0001765
0.0001285
0.0001515
0.0001269
0.0001363
0.0001384
0.0001269
0.0001761
0.0001363
0.0001782
0.0001375
0.0001478
0.0001338
0.0001663
0.0002172
0.0001659
0.0001642
0.0002094
0.0001515
0.0001802
0.0001490
0.0001737
0.0001552
0.0001515
0.0001466
0.0001420
0.0001552
0.0001359
0.0001519
0.0001626
0.0001733
0.0001482
0.0001240
0.0001503
0.0001244
0.0001429
0.0001203
0.0001745
0.0001425
0.0001375
0.0001228
0.0001425
0.0001511
0.0001260
0.0001256
0.0001667
0.0001244
0.0001277
0.0001757
0.0001535
0.0001244
0.0001979
0.0001880
0.0001306
0.0001856
0.0001289
0.0001913
0.0001223
0.0001363
0.0001347
0.0001367
0.0001174
0.0001207
0.0001088
0.0001067
0.0001490
0.0001486
0.0001400
0.0001626
0.0001482
0.0001207
0.0001375
0.0001466
0.0001384
0.0001318
0.0001264
0.0001445
0.0001306
0.0001355
0.0001646
0.0001642
0.0001150
0.0001342
0.0001560
0.0001441
0.0001486
0.0001306
0.0001367
0.0001306
0.0001388
0.0001384
0.0001577
0.0001667
0.0001515
0.0001273
0.0001437
0.0001609
0.0001696
0.0001527
0.0001687
0.0001379
0.0001207
0.0001663
0.0001474
0.0001486
0.0001540
0.0001203
0.0001597
0.0001244
0.0001285
0.0001482
0.0001342
0.0001453
0.0002180
0.0001347
0.0001679
0.0001433
0.0001388
0.0001650
0.0001593
0.0001712
0.0001815
0.0002143
0.0001519
0.0001379
0.0001687
0.0001958
0.0001642
0.0001474
0.0001170
0.0001150
0.0001047
0.0001396
0.0001527
0.0001371
0.0002689
0.0001174
0.0001076
0.0001297
0.0001412
0.0001613
0.0001531
0.0001462
0.0001962
0.0001174
0.0001342
0.0001293
0.0001544
0.0001236
0.0001228
0.0001687
0.0001507
0.0001946
0.0001199
0.0001326
0.0001310
0.0001634
0.0001667
0.0001211
0.0001186
0.0001499
0.0001215
0.0001831
0.0001289
0.0001264
0.0001384
0.0001880
0.0001191
0.0001449
0.0001297
0.0005477
0.0002841
0.0002324
0.0001728
0.0001281
0.0001392
0.0002028
0.0003580
0.0001655
0.0001113
0.0001211
0.0001375
0.0001260
0.0002796
0.0001753
0.0001634
0.0001080
0.0001121
0.0001363
0.0001162
0.0001055
0.0001334
0.0001425
0.0001556
0.0001088
0.0001133
0.0001429
0.0001482
0.0001437
0.0001638
0.0001281
0.0001420
0.0001314
0.0001556
0.0001646
0.0001691
0.0001133
0.0001076
0.0001310
0.0002262
0.0001388
0.0001650
0.0001449
0.0001236
0.0001375
0.0001203
0.0001425
0.0001384
0.0001158
0.0001412
0.0001498
0.0001207
0.0001018
0.0001347
0.0001601
0.0002262
0.0001581
0.0001482
0.0001884
0.0001236
0.0001055
0.0001864
0.0001425
0.0001182
0.0001248
0.0001080
0.0001084
0.0001215
0.0001400
0.0001453
0.0001310
0.0001281
0.0001080
0.0001457
0.0001404
0.0001133
0.0001244
0.0001236
0.0001486
0.0001256
0.0001412
0.0000973
0.0001441
0.0001322
0.0001416
0.0000985
0.0001240
0.0001379
0.0001503
0.0001441
0.0001618
0.0002697
0.0001511
0.0001244
0.0003453
0.0002143
0.0001396
0.0001076
0.0001051
0.0001568
0.0001273
0.0001581
0.0001511
0.0001232
0.0001556
0.0002032
0.0001129
0.0001297
0.0001166
0.0001634
0.0001334
0.0001244
0.0001092
0.0001256
0.0003469
0.0001609
0.0001080
0.0001453
0.0001178
0.0001552
0.0001269
0.0001462
0.0001318
0.0003264
0.0001310
0.0001375
0.0001306
0.0001133
0.0001581
0.0001367
0.0001223
0.0001117
0.0001392
0.0001145
0.0001503
0.0001326
0.0001277
0.0001277
0.0002012
0.0001691
0.0001351
0.0001195
0.0001367
0.0001659
0.0001240
0.0001342
0.0001367
0.0001310
0.0002759
0.0001560
0.0001798
0.0002714
0.0001856
0.0001556
0.0001240
0.0001408
0.0002664
0.0001696
0.0001540
0.0001499
0.0001753
0.0001449
0.0001441
0.0001252
0.0001310
0.0001330
0.0001219
0.0001359
0.0001634
0.0001285
0.0001310
0.0001412
0.0001421
0.0002053
0.0001306
0.0001798
0.0001696
0.0001564
0.0001437
0.0001412
0.0001552
0.0001634
0.0002061
0.0002024
0.0002159
0.0001884
0.0001326
0.0001457
0.0001137
0.0001186
0.0001482
0.0002012
0.0001342
0.0001548
0.0001942
0.0001737
0.0001347
0.0001228
0.0001876
0.0001572
0.0001622
0.0001351
0.0001306
0.0001720
0.0001314
0.0001342
0.0001856
0.0001716
0.0001326
0.0001494
0.0001474
0.0001223
0.0001585
0.0003005
0.0001811
0.0001761
0.0001400
0.0001310
0.0001207
0.0001634
0.0001150
0.0001449
0.0003190
0.0001983
0.0001749
0.0001174
0.0001917
0.0001938
0.0001618
0.0001589
0.0001129
0.0001256
0.0001523
0.0001264
0.0001515
0.0001765
0.0001355
0.0001860
0.0001577
0.0001445
0.0001950
0.0001609
0.0001232
0.0001687
0.0001342
0.0001581
0.0001322
0.0001638
0.0001535
0.0001737
0.0001260
0.0001326
0.0001811
0.0001540
0.0001741
0.0002188
0.0001876
0.0001663
0.0001897
0.0001630
0.0001962
0.0001141
0.0001613
0.0001585
0.0001827
0.0001244
0.0001519
0.0001618
0.0001396
0.0001765
0.0001704
0.0001757
0.0001552
0.0001642
0.0001289
0.0001564
0.0001552
0.0001774
0.0001572
0.0001425
0.0001281
0.0001256
0.0002237
0.0001589
0.0001843
0.0001326
0.0001572
0.0001437
0.0001560
0.0001544
0.0001761
0.0001429
0.0001642
0.0003128
0.0001429
0.0002024
0.0001819
0.0001359
0.0001232
0.0001552
0.0001728
0.0003469
0.0002882
0.0001474
0.0001757
0.0002110
0.0001724
0.0001720
0.0001679
0.0001540
0.0003711
0.0001445
0.0001761
0.0002016
0.0001864
0.0001971
0.0001359
0.0002229
0.0001330
0.0001535
0.0001622
0.0001560
0.0001503
0.0001281
0.0001412
0.0001445
0.0001412
0.0001585
0.0001314
0.0001700
0.0001363
0.0001601
0.0001494
0.0001806
0.0001597
0.0001515
0.0001741
0.0001437
0.0001478
0.0001667
0.0001351
0.0001609
0.0001618
0.0001823
0.0001642
0.0001507
0.0001297
0.0001638
0.0001355
0.0003223
0.0001650
0.0001597
0.0001285
0.0001794
0.0001367
0.0001811
0.0001696
0.0001211
0.0002024
0.0001310
0.0001494
0.0001215
0.0003330
0.0001375
0.0001720
0.0001326
0.0001215
0.0001420
0.0001531
0.0001338
0.0001511
0.0001938
0.0002291
0.0002118
0.0001917
0.0002106
0.0001568
0.0001359
0.0001375
0.0001388
0.0001720
0.0001847
0.0002098
0.0001708
0.0001749
0.0001359
0.0001622
0.0001363
0.0001490
0.0001540
0.0001088
0.0001293
0.0001215
0.0001967
0.0001388
0.0001499
0.0001880
0.0001876
0.0001535
0.0001716
0.0001646
0.0001150
0.0001597
0.0001527
0.0001696
0.0001162
0.0001827
0.0001408
0.0001408
0.0001790
0.0001626
0.0001342
0.0001540
0.0001753
0.0001264
0.0001425
0.0001379
0.0001737
0.0001548
0.0001351
0.0001437
0.0001790
0.0001486
0.0001285
0.0002328
0.0001285
0.0001593
0.0001605
0.0001560
0.0001523
0.0001412
0.0001962
0.0001462
0.0001708
0.0001868
0.0003424
0.0001950
0.0001946
0.0001597
0.0001696
0.0003387
0.0001827
0.0003297
0.0001646
0.0001765
0.0001560
0.0001507
0.0001527
0.0001351
0.0001720
0.0001712
0.0001437
0.0001408
0.0001470
0.0001404
0.0001121
0.0001679
0.0002016
0.0001314
0.0001696
0.0001420
0.0001162
0.0001412
0.0001289
0.0001585
0.0001544
0.0001494
0.0001396
0.0001318
0.0001564
0.0003206
0.0001708
0.0001264
0.0001281
0.0001847
0.0001613
0.0001285
0.0001466
0.0001831
0.0001310
0.0001055
0.0001613
0.0001589
0.0001581
0.0001072
0.0001564
0.0001453
0.0001622
0.0001462
0.0003293
0.0001626
0.0004023
0.0001511
0.0001556
0.0001909
0.0001379
0.0001285
0.0001232
0.0002094
0.0001166
0.0001035
0.0001248
0.0001379
0.0001322
0.0002020
0.0001757
0.0002139
0.0001293
0.0001108
0.0001273
0.0001470
0.0001498
0.0001724
0.0001630
0.0001897
0.0001416
0.0001363
0.0002139
0.0002180
0.0004812
0.0001737
0.0001186
0.0001704
0.0001429
0.0002689
0.0001355
0.0001823
0.0001708
0.0001125
0.0001215
0.0000903
0.0001150
0.0001433
0.0001474
0.0001503
0.0001519
0.0001420
0.0003198
0.0001416
0.0001207
0.0001457
0.0001482
0.0003732
0.0001425
0.0001568
0.0001720
0.0001650
0.0003219
0.0001470
0.0001741
0.0001847
0.0001351
0.0001425
0.0001072
0.0000973
0.0003137
0.0001375
0.0001482
0.0001749
0.0001618
0.0001310
0.0001589
0.0001650
0.0001753
0.0001507
0.0001708
0.0001277
0.0001252
0.0003264
0.0001839
0.0001659
0.0001223
0.0001462
0.0001137
0.0001219
0.0001141
0.0001113
0.0003186
0.0001453
0.0001757
0.0001556
0.0001613
0.0001531
0.0001581
0.0001269
0.0001499
0.0001634
0.0001080
0.0001975
0.0001347
0.0001663
0.0001125
0.0001761
0.0001905
0.0001802
0.0001917
0.0001162
0.0001223
0.0001404
0.0001182
0.0001462
0.0003391
0.0001531
0.0001133
0.0001392
0.0001104
0.0001523
0.0001215
0.0001733
0.0001696
0.0001269
0.0001104
0.0001318
0.0001014
0.0003510
0.0001609
0.0001790
0.0001412
0.0001597
0.0001273
0.0000981
0.0001671
0.0001794
0.0003054
0.0001511
0.0001154
0.0001248
0.0001207
0.0000957
0.0001581
0.0001174
0.0001096
0.0001178
0.0001047
0.0001712
0.0001379
0.0001655
0.0001375
0.0001080
0.0000965
0.0001675
0.0001790
0.0001757
0.0001351
0.0001030
0.0001347
0.0001474
0.0001466
0.0003559
0.0001535
0.0000998
0.0000928
0.0001080
0.0001334
0.0001445
0.0001186
0.0001367
0.0001067
0.0001026
0.0001420
0.0001137
0.0001535
0.0001724
0.0002098
0.0001186
0.0001182
0.0000957
0.0001096
0.0001248
0.0001572
0.0001051
0.0001540
0.0001585
0.0001519
0.0001182
0.0001322
0.0001264
0.0000994
0.0001367
0.0001351
0.0001527
0.0001478
0.0001589
0.0001486
0.0002008
0.0001671
0.0001297
0.0001310
0.0001601
0.0001441
0.0000998
0.0003338
0.0001585
0.0001577
0.0001462
0.0001121
0.0001482
0.0001634
0.0001535
0.0001634
0.0001425
0.0001568
0.0001655
0.0001186
0.0001585
0.0001544
0.0001030
0.0000883
0.0001018
0.0001531
0.0001244
0.0003371
0.0001741
0.0001351
0.0001531
0.0001494
0.0001774
0.0001474
0.0001215
0.0001420
0.0001416
0.0001675
0.0001453
0.0001400
0.0001605
0.0001211
0.0001601
0.0003728
0.0001683
0.0001154
0.0001921
0.0003625
0.0001622
0.0001322
0.0001552
0.0001675
0.0001462
0.0001605
0.0001486
0.0001158
0.0001490
0.0001314
0.0001342
0.0001125
0.0001215
0.0001203
0.0001043
0.0001753
0.0001474
0.0001835
0.0001769
0.0001022
0.0001494
0.0001806
0.0001671
0.0001026
0.0001396
0.0001273
0.0001490
0.0002192
0.0001946
0.0001917
0.0002003
0.0001466
0.0001724
0.0001659
0.0001511
0.0001396
0.0001942
0.0001470
0.0001367
0.0002012
0.0001642
0.0001408
0.0001934
0.0001388
0.0001540
0.0001687
0.0001531
0.0002090
0.0001618
0.0001593
0.0001581
0.0001453
0.0001704
0.0001445
0.0001371
0.0002065
0.0001646
0.0001823
0.0001297
0.0001687
0.0001486
0.0001437
0.0001306
0.0001240
0.0001741
0.0001577
0.0001507
0.0001433
0.0003395
0.0001971
0.0001646
0.0001236
0.0001429
0.0001429
0.0001412
0.0001314
0.0004532
0.0001852
0.0001281
0.0001593
0.0001400
0.0001572
0.0001864
0.0001203
0.0001638
0.0004278
0.0001051
0.0001228
0.0001737
0.0001638
0.0001223
0.0001285
0.0001823
0.0001700
0.0001215
0.0001474
0.0001289
0.0001774
0.0001540
0.0001334
0.0001802
0.0001215
0.0001462
0.0001597
0.0001548
0.0001043
0.0001609
0.0001404
0.0001285
0.0002168
0.0001322
0.0001564
0.0001150
0.0001359
0.0001067
0.0001301
0.0001585
0.0000985
0.0001568
0.0001449
0.0001039
0.0000944
0.0001133
0.0001802
0.0001564
0.0001174
0.0001301
0.0000932
0.0001531
0.0001728
0.0001396
0.0001540
0.0001806
0.0001055
0.0001063
0.0001786
0.0001531
0.0001585
0.0000903
0.0001630
0.0001211
0.0001133
0.0000944
0.0001145
0.0001593
0.0001289
0.0001281
0.0001067
0.0001544
0.0001630
0.0001100
0.0001667
0.0001782
0.0001264
0.0003342
0.0001901
0.0001281
0.0001240
0.0001207
0.0001264
0.0001503
0.0001995
0.0001100
0.0001285
0.0001215
0.0001264
0.0001786
0.0001691
0.0001154
0.0001191
0.0001589
0.0001297
0.0001285
0.0001326
0.0001306
0.0001137
0.0001211
0.0001909
0.0001909
0.0001244
0.0001273
0.0001318
0.0001971
0.0001014
0.0001544
0.0001232
0.0001535
0.0001371
0.0001297
0.0001178
0.0001437
0.0003629
0.0001367
0.0001195
0.0001150
0.0001289
0.0001186
0.0001601
0.0001655
0.0001552
0.0001638
0.0001429
0.0001375
0.0001306
0.0001314
0.0001199
0.0001277
0.0001035
0.0001256
0.0001347
0.0001724
0.0001515
0.0001375
0.0001987
0.0001462
0.0001178
0.0001035
0.0001700
0.0001601
0.0001650
0.0002147
0.0001334
0.0001470
0.0001186
0.0001306
0.0001195
0.0001942
0.0001589
0.0001634
0.0001696
0.0001211
0.0001622
0.0001474
0.0001913
0.0001306
0.0003793
0.0001819
0.0001938
0.0001433
0.0003358
0.0002008
0.0001289
0.0001330
0.0001880
0.0004315
0.0001839
0.0004077
0.0001909
0.0001511
0.0001416
0.0001371
0.0001322
0.0001330
0.0001170
0.0001002
0.0001264
0.0001757
0.0001466
0.0001950
0.0002545
0.0001564
0.0001162
0.0001351
0.0001819
0.0001306
0.0001248
0.0001741
0.0001782
0.0001170
0.0001174
0.0001310
0.0001379
0.0001039
0.0003395
0.0002118
0.0001786
0.0001055
0.0001285
0.0001359
0.0001806
0.0001884
0.0001301
0.0001330
0.0001256
0.0001901
0.0001581
0.0001708
0.0001445
0.0002311
0.0001687
0.0001716
0.0001753
0.0002114
0.0001264
0.0002648
0.0001314
0.0001277
0.0002016
0.0001601
0.0002069
0.0001396
0.0002053
0.0001786
0.0001679
0.0002205
0.0001696
0.0001429
0.0001856
0.0001301
0.0001954
0.0001769
0.0001363
0.0001852
0.0004693
0.0002020
0.0001613
0.0004557
0.0002225
0.0001646
0.0001182
0.0001260
0.0001531
0.0001396
0.0001778
0.0001351
0.0001396
0.0001786
0.0001942
0.0001269
0.0001577
0.0001363
0.0001330
0.0001240
0.0001876
0.0001642
0.0001613
0.0001749
0.0001987
0.0002324
0.0001634
0.0001535
0.0001560
0.0001798
0.0001470
0.0001667
0.0001470
0.0001326
0.0001486
0.0001675
0.0001827
0.0001708
0.0001630
0.0003904
0.0002114
0.0001326
0.0001630
0.0001466
0.0001704
0.0001618
0.0001724
0.0001416
0.0001823
0.0001724
0.0001815
0.0001527
0.0001334
0.0003629
0.0002196
0.0001404
0.0002036
0.0001260
0.0001802
0.0001260
0.0003531
0.0001991
0.0001535
0.0001367
0.0001256
0.0001901
0.0001371
0.0001359
0.0001379
0.0001638
0.0001572
0.0001330
0.0001753
0.0001556
0.0002176
0.0004089
0.0002040
0.0001577
0.0002201
0.0001145
0.0001478
0.0001687
0.0001827
0.0001704
0.0001839
0.0001314
0.0001737
0.0001297
0.0001314
0.0001634
0.0001363
0.0004315
0.0002127
0.0001515
0.0001392
0.0001199
0.0001737
0.0001470
0.0001314
0.0001466
0.0001108
0.0001236
0.0001745
0.0001535
0.0001490
0.0001790
0.0001568
0.0001466
0.0004808
0.0002488
0.0001806
0.0001178
0.0001277
0.0001872
0.0002012
0.0001379
0.0001113
0.0001178
0.0001191
0.0002110
0.0001425
0.0002184
0.0001745
0.0001671
0.0001568
0.0001609
0.0001281
0.0001347
0.0001716
0.0001650
0.0001318
0.0004208
0.0002073
0.0001745
0.0002123
0.0001535
0.0001930
0.0001232
0.0001798
0.0001733
0.0001137
0.0001712
0.0001581
0.0001084
0.0001655
0.0004019
0.0002287
0.0004015
0.0002213
0.0001301
0.0001683
