0.0065811
0.0010875
0.0029896
0.0030500
0.0034564
0.0014681
0.0011311
0.0010321
0.0010567
0.0014308
0.0013166
0.0009122
0.0007304
0.0011257
0.0007361
0.0011972
0.0011163
0.0011635
0.0009250
0.0007189
0.0009980
0.0011171
0.0006573
0.0012534
0.0014152
0.0010613
0.0021147
0.0014496
0.0011368
0.0010272
0.0011298
0.0015207
0.0016180
0.0013659
0.0018126
0.0024887
0.0017617
0.0010206
0.0010543
0.0010309
0.0010120
0.0011471
0.0010966
0.0018306
0.0010756
0.0015814
0.0012665
0.0008934
0.0012247
0.0039913
0.0018031
0.0016319
0.0013281
0.0010962
0.0008067
0.0013725
0.0068988
0.0067379
0.0043128
0.0021775
0.0019012
0.0089544
0.0024686
0.0014213
0.0009065
0.0137406
0.0036239
0.0016102
0.0013109
0.0019448
0.0018368
0.0007275
0.0003124
0.0007599
0.0042853
0.0002644
0.0013856
0.0006815
0.0011545
0.0011306
0.0022929
0.0019944
0.0009344
0.0012891
0.0010108
0.0011816
0.0007751
0.0012809
0.0017592
0.0011577
0.0009636
0.0011668
0.0005908
0.0005563
0.0005144
0.0008445
0.0005099
0.0010740
0.0011397
0.0013318
0.0009324
0.0010116
0.0005436
0.0036190
0.0012468
0.0007657
0.0010206
0.0008687
0.0008293
0.0004779
0.0004688
0.0011959
0.0008642
0.0012452
0.0009767
0.0012197
0.0010317
0.0006840
0.0006836
0.0010806
0.0010383
0.0007336
0.0012764
0.0009521
0.0004274
0.0009451
0.0005390
0.0010937
0.0015186
0.0015338
0.0015675
0.0012649
0.0013926
0.0011413
0.0009241
0.0012296
0.0009007
0.0012559
0.0004167
0.0008408
0.0003116
0.0008712
0.0008047
0.0014345
0.0015363
0.0008433
0.0012374
0.0014776
0.0010834
0.0014480
0.0010005
0.0013630
0.0010276
0.0010806
0.0009553
0.0004902
0.0012793
0.0013642
0.0012891
0.0010773
0.0011261
0.0009085
0.0009693
0.0009849
0.0008905
0.0008502
0.0008736
0.0009126
0.0006774
0.0004056
0.0006942
0.0008186
0.0007669
0.0004434
0.0009180
0.0009131
0.0009644
0.0010432
0.0009053
0.0006848
0.0005727
0.0004381
0.0003412
0.0006634
0.0008942
0.0003190
0.0003178
0.0007542
0.0009061
0.0009516
0.0008486
0.0007583
0.0003830
0.0005538
0.0006626
0.0008777
0.0006955
0.0008585
0.0007525
0.0008736
0.0008523
0.0007825
0.0008925
0.0009759
0.0007300
0.0010358
0.0009607
0.0008847
0.0008408
0.0007731
0.0006454
0.0007731
0.0022272
0.0008256
0.0003970
0.0009229
0.0009594
0.0007382
0.0010063
0.0009722
0.0009295
0.0008433
0.0006421
0.0009447
0.0017378
0.0009348
0.0008465
0.0006745
0.0007115
0.0011056
0.0009241
0.0009685
0.0009241
0.0006503
0.0007119
0.0004491
0.0007579
0.0010079
0.0006877
0.0007049
0.0009344
0.0008162
0.0007718
0.0009480
0.0006675
0.0005641
0.0004602
0.0006228
0.0002422
0.0009722
0.0005838
0.0008482
0.0010063
0.0004964
0.0006310
0.0006240
0.0004405
0.0004188
0.0003888
0.0009131
0.0005321
0.0006437
0.0006515
0.0007271
0.0005653
0.0007258
0.0003937
0.0005440
0.0005863
0.0006076
0.0003769
0.0004738
0.0005752
0.0003038
0.0005822
0.0004996
0.0007579
0.0007468
0.0007000
0.0005514
0.0005649
0.0007451
0.0008777
0.0006121
0.0002788
0.0004352
0.0004097
0.0008880
0.0005144
0.0004040
0.0005304
0.0003728
0.0004138
0.0004914
0.0003334
0.0007234
0.0005136
0.0002529
0.0004680
0.0005128
0.0005292
0.0007217
0.0005436
0.0009746
0.0001646
0.0003108
0.0004688
0.0003596
0.0004849
0.0005333
0.0004093
0.0004832
0.0002664
0.0004454
0.0004877
0.0004964
0.0002755
0.0005711
0.0004762
0.0003408
0.0004602
0.0007636
0.0004023
0.0002398
0.0005009
0.0003970
0.0002418
0.0004393
0.0003958
0.0004450
0.0006770
0.0005033
0.0006343
0.0006322
0.0006680
0.0007747
0.0006343
0.0005222
0.0004808
0.0004931
0.0001823
0.0001806
0.0003670
0.0003847
0.0004988
0.0005156
0.0003473
0.0004430
0.0004992
0.0004422
0.0006417
0.0004849
0.0002582
0.0002632
0.0002336
0.0002595
0.0007308
0.0005042
0.0001942
0.0004709
0.0003789
0.0005234
0.0002003
0.0008465
0.0007135
0.0005661
0.0002188
0.0003966
0.0003859
0.0007726
0.0003584
0.0004196
0.0005386
0.0005505
0.0006675
0.0006721
0.0006064
0.0005567
0.0007550
0.0002693
0.0004175
0.0004422
0.0002562
0.0002800
0.0003592
0.0002053
0.0004032
0.0005050
0.0006618
0.0005078
0.0006766
0.0007977
0.0005772
0.0005822
0.0006056
0.0006503
0.0005062
0.0005735
0.0005690
0.0004623
0.0002447
0.0005218
0.0003679
0.0002057
0.0004955
0.0004914
0.0004155
0.0003506
0.0002615
0.0004175
0.0004442
0.0002562
0.0005419
0.0005185
0.0003880
0.0002320
0.0004413
0.0006015
0.0002069
0.0002315
0.0004430
0.0002357
0.0004881
0.0004138
0.0004586
0.0002837
0.0003375
0.0002053
0.0002032
0.0008314
0.0002340
0.0002825
0.0004426
0.0003461
0.0004631
0.0003186
0.0000944
0.0002960
0.0005542
0.0002792
0.0003793
0.0002040
0.0002081
0.0001876
0.0003453
0.0002915
0.0003477
0.0001716
0.0004881
0.0002931
0.0003157
0.0002106
0.0003022
0.0002825
0.0002270
0.0002972
0.0002225
0.0005965
0.0005583
0.0003408
0.0007431
0.0005403
0.0005374
0.0004730
0.0004553
0.0006125
0.0004426
0.0004134
0.0006437
0.0006051
0.0004840
0.0004922
0.0005083
0.0001375
0.0001137
0.0003617
0.0001991
0.0006593
0.0003490
0.0003436
0.0004032
0.0002734
0.0001371
0.0002176
0.0002566
0.0004134
0.0003116
0.0002131
0.0001938
0.0002463
0.0005000
0.0002172
0.0003231
0.0002069
0.0002003
0.0004368
0.0001191
0.0002857
0.0003210
0.0003120
0.0004294
0.0004881
0.0006458
0.0004598
0.0004688
0.0012924
0.0005809
0.0003169
0.0005382
0.0003399
0.0004056
0.0003219
0.0001954
0.0003601
0.0004266
0.0003174
0.0001035
0.0003420
0.0003925
0.0001806
0.0001884
0.0002808
0.0002554
0.0002960
0.0004746
0.0001794
0.0003112
0.0001811
0.0002759
0.0005686
0.0003859
0.0001585
0.0002968
0.0003510
0.0002570
0.0003009
0.0004352
0.0004105
0.0005928
0.0005522
0.0003469
0.0003740
0.0003276
0.0004693
0.0004110
0.0004023
0.0003527
0.0004356
0.0003522
0.0004044
0.0004315
0.0003744
0.0004142
0.0000669
0.0002685
0.0002373
0.0005575
0.0002751
0.0002981
0.0003284
0.0003490
0.0005854
0.0003338
0.0001646
0.0004364
0.0005046
0.0005834
0.0004114
0.0004586
0.0004565
0.0004660
0.0003683
0.0003461
0.0004475
0.0004619
0.0004799
0.0004097
0.0006708
0.0005333
0.0003941
0.0003206
0.0002517
0.0003313
0.0001872
0.0003346
0.0004684
0.0004590
0.0003617
0.0005473
0.0004545
0.0002340
0.0002903
0.0002997
0.0005177
0.0003260
0.0002459
0.0005255
0.0004040
0.0003978
0.0004561
0.0003477
0.0004261
0.0003600
0.0004188
0.0002886
0.0002722
0.0003424
0.0002550
0.0002484
0.0002907
0.0002471
0.0002352
0.0003469
0.0002114
0.0002291
0.0003100
0.0003818
0.0003498
0.0003358
0.0002069
0.0005095
0.0001174
0.0002841
0.0001072
0.0003531
0.0003022
0.0003835
0.0004138
0.0003149
0.0002911
0.0002586
0.0004582
0.0003867
0.0003732
0.0003375
0.0002467
0.0001141
0.0006347
0.0002410
0.0001306
0.0001728
0.0004495
0.0001059
0.0001486
0.0002558
0.0003867
0.0002570
0.0002463
0.0001852
0.0001778
0.0000862
0.0003256
0.0003600
0.0004405
0.0001954
0.0002143
0.0002517
0.0001334
0.0003149
0.0003547
0.0001437
0.0003079
0.0003317
0.0003662
0.0004532
0.0003206
0.0003477
0.0003297
0.0002685
0.0003592
0.0002139
0.0003449
0.0002340
0.0002328
0.0002340
0.0001667
0.0001995
0.0002500
0.0003149
0.0002734
0.0002229
0.0002262
0.0003001
0.0003022
0.0005206
0.0002172
0.0002201
0.0002792
0.0001696
0.0003453
0.0003609
0.0002554
0.0000686
0.0000571
0.0000751
0.0004155
0.0004405
0.0002878
0.0001975
0.0001843
0.0002615
0.0003227
0.0002595
0.0002972
0.0002619
0.0002582
0.0002270
0.0005247
0.0005271
0.0003264
0.0001293
0.0004844
0.0002944
0.0003379
0.0002467
0.0002882
0.0002504
0.0002291
0.0005078
0.0001794
0.0002968
0.0002628
0.0010075
0.0005629
0.0001018
0.0001880
0.0002599
0.0001999
0.0002697
0.0001420
0.0001203
0.0001741
0.0001330
0.0001486
0.0001310
0.0001223
0.0002447
0.0001117
0.0002718
0.0002529
0.0001720
0.0001067
0.0002866
0.0001585
0.0004159
0.0003699
0.0004450
0.0002028
0.0000604
0.0002422
0.0003354
0.0003050
0.0002069
0.0001137
0.0003715
0.0002812
0.0001971
0.0003379
0.0002747
0.0003165
0.0002886
0.0002566
0.0002886
0.0004036
0.0004064
0.0003104
0.0001264
0.0003416
0.0002710
0.0002315
0.0002377
0.0002878
0.0000604
0.0001289
0.0001219
0.0001039
0.0001404
0.0002155
0.0001084
0.0001006
0.0002685
0.0002976
0.0002266
0.0001577
0.0001117
0.0001367
0.0002898
0.0003995
0.0001063
0.0002931
0.0003609
0.0002430
0.0003691
0.0001330
0.0001277
0.0002373
0.0003995
0.0005214
0.0001420
0.0001014
0.0003798
0.0002225
0.0001745
0.0003502
0.0002176
0.0000636
0.0000936
0.0003420
0.0003408
0.0003568
0.0002118
0.0002496
0.0001445
0.0001856
0.0001232
0.0002628
0.0003974
0.0002636
0.0001375
0.0002574
0.0001745
0.0001601
0.0002213
0.0002471
0.0002993
0.0000924
0.0004569
0.0003132
0.0003387
0.0003247
0.0002332
0.0002081
0.0001889
0.0002595
0.0000903
0.0001141
0.0000612
0.0000957
0.0000727
0.0001946
0.0001289
0.0002940
0.0003420
0.0001030
0.0000833
0.0002722
0.0002299
0.0001482
0.0001531
0.0000460
0.0000427
0.0000394
0.0000636
0.0001125
0.0001392
0.0001778
0.0002747
0.0001646
0.0001700
0.0001872
0.0002299
0.0001519
0.0001490
0.0001839
0.0002701
0.0001704
0.0001503
0.0002911
0.0001158
0.0001260
0.0002114
0.0000952
0.0001626
0.0000948
0.0000447
0.0000735
0.0001897
0.0001453
0.0000969
0.0002911
0.0006815
0.0002845
0.0002250
0.0000952
0.0001868
0.0001088
0.0000665
0.0001511
0.0001811
0.0001613
0.0001449
0.0001909
0.0002069
0.0001342
0.0000801
0.0002480
0.0001864
0.0000509
0.0001925
0.0001913
0.0001318
0.0000973
0.0003100
0.0000628
0.0002061
0.0001330
0.0001741
0.0002254
0.0000476
0.0005255
0.0000521
0.0002890
0.0001306
0.0003773
0.0001273
0.0002381
0.0000562
0.0002254
0.0000957
0.0001638
0.0000866
0.0001297
0.0000879
0.0001219
0.0001453
0.0002303
0.0002151
0.0001117
0.0001769
0.0001597
0.0001515
0.0001535
0.0001868
0.0001293
0.0002463
0.0001794
0.0002139
0.0001055
0.0001613
0.0000632
0.0000415
0.0001170
0.0001531
0.0001367
0.0001375
0.0000538
0.0001014
0.0001782
0.0002418
0.0001248
0.0001396
0.0001289
0.0001285
0.0001745
0.0001605
0.0001794
0.0001720
0.0001876
0.0001745
0.0001531
0.0001864
0.0001683
0.0001260
0.0001182
0.0002135
0.0001322
0.0001921
0.0002554
0.0002205
0.0001203
0.0001531
0.0001979
0.0001901
0.0001453
0.0001687
0.0000509
0.0002381
0.0001733
0.0000706
0.0001326
0.0001408
0.0001889
0.0000714
0.0002611
0.0002221
0.0001884
0.0000805
0.0001100
0.0002205
0.0002073
0.0001864
0.0002118
0.0002640
0.0001018
0.0002205
0.0002213
0.0002274
0.0002615
0.0002369
0.0000357
0.0002008
0.0000829
0.0001942
0.0001868
0.0001786
0.0001811
0.0002291
0.0001983
0.0001622
0.0003206
0.0002098
0.0002673
0.0002036
0.0001535
0.0001769
0.0002024
0.0001523
0.0001893
0.0001794
0.0001958
0.0001839
0.0001367
0.0000985
0.0002020
0.0001310
0.0001215
0.0001248
0.0001449
0.0002192
0.0002262
0.0001831
0.0000378
0.0001802
0.0002143
0.0001248
0.0002221
0.0001186
0.0001531
0.0001847
0.0001117
0.0002348
0.0001613
0.0001683
0.0001404
0.0001223
0.0001100
0.0001757
0.0001178
0.0001310
0.0001847
0.0001527
0.0001852
0.0001650
0.0001864
0.0001889
0.0001006
0.0001306
0.0002722
0.0001030
0.0001301
0.0001466
0.0001622
0.0001412
0.0001925
0.0001244
0.0001724
0.0001515
0.0001494
0.0001868
0.0001778
0.0002065
0.0001297
0.0001330
0.0001425
0.0001330
0.0001700
0.0001741
0.0000940
0.0002320
0.0000977
0.0003071
0.0001999
0.0001355
0.0001232
0.0001901
0.0001979
0.0001560
0.0001420
0.0001466
0.0001893
0.0001609
0.0001757
0.0001646
0.0001002
0.0001638
0.0001236
0.0001379
0.0002406
0.0002008
0.0001630
0.0001166
0.0001831
0.0001281
0.0001745
0.0001043
0.0001076
0.0002591
0.0000595
0.0002233
0.0001946
0.0001737
0.0002804
0.0001527
0.0001560
0.0001223
0.0001453
0.0001843
0.0001425
0.0001864
0.0002566
0.0001560
0.0001519
0.0002143
0.0001671
0.0003428
0.0001141
0.0002344
0.0001790
0.0001696
0.0001691
0.0001178
0.0001880
0.0001893
0.0001950
0.0002020
0.0001753
0.0002849
0.0000838
0.0000768
0.0001055
0.0000801
0.0000792
0.0001934
0.0003005
0.0002320
0.0002262
0.0001552
0.0000883
0.0000743
0.0002274
0.0002283
0.0002274
0.0001893
0.0001975
0.0002471
0.0002077
0.0002311
0.0002833
0.0002320
0.0002053
0.0002615
0.0002537
0.0002003
0.0001958
0.0001905
0.0002242
0.0002036
0.0001934
0.0001342
0.0001035
0.0000776
0.0001593
0.0000735
0.0001540
0.0001318
0.0000780
0.0002012
0.0001412
0.0002073
0.0000718
0.0000731
0.0001782
0.0000731
0.0002159
0.0001843
0.0002188
0.0002053
0.0002406
0.0002640
0.0002266
0.0002681
0.0002131
0.0002615
0.0002184
0.0001847
0.0002242
0.0002229
0.0002065
0.0002155
0.0002693
0.0001962
0.0002003
0.0003083
0.0002689
0.0002352
0.0002521
0.0002463
0.0002336
0.0002402
0.0002508
0.0002361
0.0002430
0.0002040
0.0002463
0.0002131
0.0002242
0.0001273
0.0000903
0.0001876
0.0002320
0.0002344
0.0002508
0.0002139
0.0001683
0.0002550
0.0002081
0.0001852
0.0002357
0.0001655
0.0002151
0.0001987
0.0001761
0.0001679
0.0000825
0.0001601
0.0001880
0.0001655
0.0000817
0.0000989
0.0001819
0.0001014
0.0000571
0.0001843
0.0001884
0.0001499
0.0001991
0.0001794
0.0001889
0.0002045
0.0001548
0.0001856
0.0001240
0.0001145
0.0002143
0.0001811
0.0001285
0.0001979
0.0001527
0.0002028
0.0001724
0.0002180
0.0001856
0.0001264
0.0001884
0.0001096
0.0001889
0.0002451
0.0001683
0.0001663
0.0002258
0.0002094
0.0001585
0.0001733
0.0002016
0.0001917
0.0002028
0.0001310
0.0002020
0.0001999
0.0001055
0.0002081
0.0001035
0.0001819
0.0002135
0.0001724
0.0000833
0.0002176
0.0000755
0.0000858
0.0002118
0.0002907
0.0002328
0.0001831
0.0002123
0.0002180
0.0002722
0.0002357
0.0002504
0.0002644
0.0001675
0.0002073
0.0001716
0.0001897
0.0002225
0.0002812
0.0002398
0.0002188
0.0002348
0.0002328
0.0001897
0.0001815
0.0002061
0.0001531
0.0002196
0.0002389
0.0002073
0.0002439
0.0002484
0.0002829
0.0001975
0.0001540
0.0001207
0.0002344
0.0002669
0.0002053
0.0002361
0.0002348
0.0001962
0.0002090
0.0003079
0.0002365
0.0002882
0.0001999
0.0002857
0.0000825
0.0003141
0.0002443
0.0001987
0.0000957
0.0002028
0.0001511
0.0002131
0.0002443
0.0002233
0.0002250
0.0002504
0.0002545
0.0002184
0.0002254
0.0002800
0.0002455
0.0002422
0.0002738
0.0002110
0.0001942
0.0001650
0.0002188
0.0002118
0.0001979
0.0002049
0.0001273
0.0002221
0.0001958
0.0002611
0.0001400
0.0005920
0.0000850
0.0001868
0.0002172
0.0002106
0.0002123
0.0000842
0.0000690
0.0000583
0.0000402
0.0000595
0.0000616
0.0000476
0.0000657
0.0000526
0.0000636
0.0000484
0.0000460
0.0000464
0.0000538
0.0000534
0.0000571
0.0001006
0.0000583
0.0000484
0.0000517
0.0000571
0.0000591
0.0000468
0.0000411
0.0000349
0.0000452
0.0000747
0.0000337
0.0000920
0.0000489
0.0000604
0.0000517
0.0000386
0.0000349
0.0000944
0.0000390
0.0000472
0.0000468
0.0000431
0.0000419
0.0000460
0.0000435
0.0000489
0.0001051
0.0000390
0.0000431
0.0000427
0.0000435
0.0000353
0.0000402
0.0000386
0.0000484
0.0000328
0.0000353
0.0000402
0.0000505
0.0000443
0.0001092
0.0000616
0.0000464
0.0000489
0.0000534
0.0000530
0.0000595
0.0000427
0.0000427
0.0000599
0.0000677
0.0000398
0.0000472
0.0002993
0.0002320
0.0002566
0.0002155
0.0001893
0.0001400
0.0001971
0.0001597
0.0001527
0.0001289
0.0001100
0.0001704
0.0057382
0.0001022
0.0002123
0.0001646
0.0001433
0.0000550
0.0000595
0.0000464
0.0000365
0.0000583
0.0000579
0.0000620
0.0000530
0.0000558
0.0000595
0.0000304
0.0000558
0.0000439
0.0000423
0.0000571
0.0000509
0.0000612
0.0000509
0.0000546
0.0000452
0.0000513
0.0000484
0.0000476
0.0000460
0.0000411
0.0000402
0.0000423
0.0000435
0.0000484
0.0000517
0.0000497
0.0000501
0.0000550
0.0000443
0.0000542
0.0000550
0.0000591
0.0000497
0.0000513
0.0000526
0.0000452
0.0000484
0.0000443
0.0000509
0.0000452
0.0000521
0.0000431
0.0000505
0.0000448
0.0000369
0.0000386
0.0000571
0.0000513
0.0000677
0.0000443
0.0000390
0.0000480
0.0000735
0.0000365
0.0000452
0.0000394
0.0000710
0.0000599
0.0000452
0.0000718
0.0000842
0.0000866
0.0000480
0.0000419
0.0000661
0.0001096
0.0000706
0.0001470
0.0002077
0.0001223
0.0000349
0.0000550
0.0000616
0.0000456
0.0001741
0.0001597
0.0002578
0.0001659
0.0001655
0.0002435
0.0002377
0.0001523
0.0002274
0.0001901
0.0002237
0.0002944
0.0002570
0.0002332
0.0002123
0.0002529
0.0002693
0.0002139
0.0002389
0.0001375
0.0002032
0.0002311
0.0001199
0.0002258
0.0001248
0.0002139
0.0002697
0.0001675
0.0001782
0.0002266
0.0002640
0.0002151
0.0002570
0.0002410
0.0002357
0.0002808
0.0003264
0.0001453
0.0002098
0.0001195
0.0002480
0.0002131
0.0001950
0.0001987
0.0001199
0.0002447
0.0002582
0.0002176
0.0001852
0.0001782
0.0002246
0.0002562
0.0002229
0.0001839
0.0002701
0.0002201
0.0002422
0.0002632
0.0001991
0.0002090
0.0001527
0.0001901
0.0002554
0.0002024
0.0002184
0.0002570
0.0002566
0.0002040
0.0002792
0.0002270
0.0002500
0.0001129
0.0001741
0.0001560
0.0002086
0.0001917
0.0001823
0.0004980
0.0003527
0.0003247
0.0003227
0.0002073
0.0001704
0.0002287
0.0002320
0.0002311
0.0001572
0.0003071
0.0002615
0.0001782
0.0001609
0.0001811
0.0001613
0.0002488
0.0001786
0.0002024
0.0003892
0.0003149
0.0002463
0.0001716
0.0001396
0.0002320
0.0001823
0.0002775
0.0000727
0.0001913
0.0001971
0.0002213
0.0001901
0.0001802
0.0001072
0.0001786
0.0002254
0.0001962
0.0001663
0.0001827
0.0001839
0.0001728
0.0001728
0.0002065
0.0001170
0.0002295
0.0002755
0.0002357
0.0002820
0.0002500
0.0001790
0.0002459
0.0002812
0.0002599
0.0001798
0.0002077
0.0001769
0.0001679
0.0002385
0.0002147
0.0002907
0.0002032
0.0001618
0.0001371
0.0001999
0.0001277
0.0002357
0.0002123
0.0001667
0.0001236
0.0002681
0.0002747
0.0001852
0.0001597
0.0002057
0.0002016
0.0002357
0.0001314
0.0002463
0.0001630
0.0001519
0.0001827
0.0001938
0.0001646
0.0002315
0.0001856
0.0001622
0.0002361
0.0001708
0.0002180
0.0002024
0.0002016
0.0002205
0.0002270
0.0002467
0.0001375
0.0002073
0.0001322
0.0001938
0.0001297
0.0001285
0.0002016
0.0002328
0.0001256
0.0002003
0.0002459
0.0001568
0.0001991
0.0001856
0.0002804
0.0001728
0.0002229
0.0001696
0.0001786
0.0001490
0.0002611
0.0001925
0.0001683
0.0001930
0.0001503
0.0001675
0.0001753
0.0001544
0.0002061
0.0001618
0.0001868
0.0001470
0.0002258
0.0001503
0.0001983
0.0001548
0.0001769
0.0001507
0.0000961
0.0002098
0.0002570
0.0002660
0.0002073
0.0001934
0.0001954
0.0002172
0.0001868
0.0002221
0.0002853
0.0001486
0.0001815
0.0001925
0.0001687
0.0002332
0.0001453
0.0001322
0.0001958
0.0001897
0.0002205
0.0001449
0.0001778
0.0002402
0.0002381
0.0002508
0.0001995
0.0002299
0.0001864
0.0002315
0.0001946
0.0002455
0.0001556
0.0001987
0.0001856
0.0002537
0.0001954
0.0002340
0.0001540
0.0002480
0.0002291
0.0002209
0.0002701
0.0002418
0.0001999
0.0002180
0.0001720
0.0001232
0.0001597
0.0001548
0.0002016
0.0001371
0.0001470
0.0002040
0.0002619
0.0001745
0.0001950
0.0001761
0.0001531
0.0002882
0.0002127
0.0001371
0.0002689
0.0001490
0.0001470
0.0001708
0.0002451
0.0001634
0.0001704
0.0002767
0.0002045
0.0001683
0.0002028
0.0001782
0.0001519
0.0002348
0.0001880
0.0002742
0.0002812
0.0002053
0.0001671
0.0002217
0.0002168
0.0002628
0.0002857
0.0002032
0.0001306
0.0001626
0.0002188
0.0002303
0.0001367
0.0003247
0.0001100
0.0002484
0.0001667
0.0001503
0.0002192
0.0003054
0.0001930
0.0002110
0.0002529
0.0001724
0.0001478
0.0002660
0.0002533
0.0001687
0.0001708
0.0001839
0.0002582
0.0001667
0.0002086
0.0001527
0.0001453
0.0001462
0.0002069
0.0002094
0.0002172
0.0001113
0.0002935
0.0001852
0.0001811
0.0001704
0.0001835
0.0003161
0.0002184
0.0002094
0.0000916
0.0001868
0.0001622
0.0002213
0.0001790
0.0001696
0.0001802
0.0002369
0.0001794
0.0002369
0.0001889
0.0002443
0.0002562
0.0001823
0.0000932
0.0002726
0.0001794
0.0002344
0.0001498
0.0001827
0.0002541
0.0002476
0.0002755
0.0002389
0.0002201
0.0002036
0.0002155
0.0001958
0.0001843
0.0001638
0.0001412
0.0001523
0.0001757
0.0001802
0.0002036
0.0001835
0.0002003
0.0001408
0.0001769
0.0001860
0.0002484
0.0000829
0.0003264
0.0001790
0.0002057
0.0001946
0.0001687
0.0001720
0.0001338
0.0002065
0.0001412
0.0002233
0.0001577
0.0001638
0.0001281
0.0002430
0.0001798
0.0002053
0.0001815
0.0001880
0.0002086
0.0001897
0.0001852
0.0001531
0.0001683
0.0001371
0.0001884
0.0002016
0.0002040
0.0001556
0.0002467
0.0001457
0.0001470
0.0001174
0.0001860
0.0003054
0.0001560
0.0002123
0.0001482
0.0001203
0.0001535
0.0001396
0.0001593
0.0001708
0.0001671
0.0001486
0.0002081
0.0001650
0.0002279
0.0001852
0.0001675
0.0001934
0.0001535
0.0001856
0.0001786
0.0001322
0.0001663
0.0001835
0.0001527
0.0001889
0.0001581
0.0000994
0.0001839
0.0001236
0.0001195
0.0001864
0.0001819
0.0001831
0.0002057
0.0002061
0.0001769
0.0001162
0.0002061
0.0001511
0.0002295
0.0001704
0.0002467
0.0001141
0.0001930
0.0002110
0.0002069
0.0001318
0.0001252
0.0002537
0.0001351
0.0001499
0.0001605
0.0001223
0.0001831
0.0001108
0.0001794
0.0001671
0.0001622
0.0001544
0.0001108
0.0001466
0.0001609
0.0001909
0.0001847
0.0001934
0.0002406
0.0002221
0.0002348
0.0000456
0.0001901
0.0002357
0.0001921
0.0002159
0.0002574
0.0001630
0.0002221
0.0001219
0.0002406
0.0001429
0.0001273
0.0001252
0.0002513
0.0002192
0.0002032
0.0001544
0.0001659
0.0001392
0.0001790
0.0002008
0.0001437
0.0002829
0.0001162
0.0002443
0.0001675
0.0001154
0.0001609
0.0002500
0.0001950
0.0002311
0.0001367
0.0002718
0.0002369
0.0001700
0.0002118
0.0001425
0.0001704
0.0001655
0.0002426
0.0001675
0.0002430
0.0001256
0.0001400
0.0001650
0.0001548
0.0002135
0.0001445
0.0001556
0.0001913
0.0001490
0.0001757
0.0002385
0.0001314
0.0002315
0.0001827
0.0001289
0.0001868
0.0001511
0.0001774
0.0001437
0.0001113
0.0002521
0.0001191
0.0001207
0.0001691
0.0002114
0.0001445
0.0002209
0.0001991
0.0002710
0.0002176
0.0002332
0.0000468
0.0002053
0.0001199
0.0001540
0.0002003
0.0000838
0.0001338
0.0002250
0.0001470
0.0001749
0.0001548
0.0001527
0.0002287
0.0002094
0.0001429
0.0001946
0.0001790
0.0001355
0.0004557
0.0001457
0.0001568
0.0001868
0.0002299
0.0001650
0.0000858
0.0002077
0.0001889
0.0001433
0.0001897
0.0001400
0.0002480
0.0001786
0.0001876
0.0001494
0.0002123
0.0002656
0.0001318
0.0002566
0.0001733
0.0001757
0.0002024
0.0001897
0.0002024
0.0001223
0.0001798
0.0002488
0.0002110
0.0002541
0.0003576
0.0001511
0.0001786
0.0002036
0.0002623
0.0001375
0.0002131
0.0002336
0.0001334
0.0002648
0.0001667
0.0001819
0.0001556
0.0001700
0.0001962
0.0001367
0.0002315
0.0002049
0.0002385
0.0001158
0.0001749
0.0000977
0.0001720
0.0001634
0.0002307
0.0001014
0.0002283
0.0002016
0.0001601
0.0002225
0.0001753
0.0001601
0.0001195
0.0002118
0.0002168
0.0001774
0.0002172
0.0001889
0.0003202
0.0001954
0.0001494
0.0001609
0.0002398
0.0001897
0.0002779
0.0001453
0.0002270
0.0001519
0.0001437
0.0002003
0.0001860
0.0001568
0.0001494
0.0002677
0.0001720
0.0002291
0.0001991
0.0002081
0.0001765
0.0001905
0.0001018
0.0002529
0.0001663
0.0001371
0.0001457
0.0001453
0.0002069
0.0001626
0.0000768
0.0000874
0.0001802
0.0001720
0.0001531
0.0002414
0.0001219
0.0001503
0.0001728
0.0001991
0.0002106
0.0001613
0.0001223
0.0001236
0.0002114
0.0001507
0.0001983
0.0001934
0.0001622
0.0001367
0.0001642
0.0001063
0.0002003
0.0001223
0.0001593
0.0001400
0.0002159
0.0001375
0.0001946
0.0000386
0.0001585
0.0001540
0.0001872
0.0001741
0.0001392
0.0001445
0.0001967
0.0002102
0.0002201
0.0001039
0.0002632
0.0002258
0.0000497
0.0001609
0.0001129
0.0001876
0.0001609
0.0001884
0.0001691
0.0001790
0.0001716
0.0001519
0.0002307
0.0000567
0.0000591
0.0000948
0.0001404
0.0001728
0.0001384
0.0001774
0.0002328
0.0001909
0.0001503
0.0001330
0.0002143
0.0001708
0.0000448
0.0002607
0.0001663
0.0001852
0.0001626
0.0001556
0.0001597
0.0003793
0.0000636
0.0001905
0.0001704
0.0001429
0.0001564
0.0001708
0.0001507
0.0001794
0.0002250
0.0001006
0.0001507
0.0001449
0.0002291
0.0000788
0.0002550
0.0001527
0.0001080
0.0002471
0.0001597
0.0001359
0.0001515
0.0001609
0.0001979
0.0001063
0.0001408
0.0002036
0.0001531
0.0001675
0.0002102
0.0001634
0.0002123
0.0001589
0.0002139
0.0002196
0.0002439
0.0001498
0.0001568
0.0001371
0.0001987
0.0001474
0.0001794
0.0001659
0.0002258
0.0001827
0.0001474
0.0001096
0.0002053
0.0001449
0.0002369
0.0002603
0.0001568
0.0002907
0.0003498
0.0002028
0.0002295
0.0001987
0.0002734
0.0003506
0.0003087
0.0000965
0.0003030
0.0001043
0.0003071
0.0000977
0.0000427
0.0001560
0.0002422
0.0001880
0.0001815
0.0002307
0.0001995
0.0000981
0.0002188
0.0001568
0.0001589
0.0002874
0.0109210
0.0003087
0.0002365
0.0002812
0.0002558
0.0002726
0.0002258
0.0002324
0.0001868
0.0002398
0.0002020
0.0002435
0.0001999
0.0002102
0.0002648
0.0004561
0.0003830
0.0003313
0.0003128
0.0007139
0.0003465
0.0002829
0.0002373
0.0003100
0.0002820
0.0003260
0.0002582
0.0003908
0.0003305
0.0004360
0.0001572
0.0002176
0.0002673
0.0002414
0.0003005
0.0002016
0.0002632
0.0003859
0.0003174
0.0003543
0.0003272
0.0002426
0.0005354
0.0002053
0.0001679
0.0002878
0.0003100
0.0002833
0.0003543
0.0003728
0.0003449
0.0001507
0.0003276
0.0002870
0.0002086
0.0002730
0.0001675
0.0001975
0.0002722
0.0002352
0.0000661
0.0000768
0.0002706
0.0003564
0.0000760
0.0003293
0.0001790
0.0006930
0.0002418
0.0002697
0.0002439
0.0004282
0.0002570
0.0002919
0.0001655
0.0002410
0.0001995
0.0003087
0.0002697
0.0003490
0.0003243
0.0003108
0.0003050
0.0002812
0.0002972
0.0003079
0.0002578
0.0002525
0.0001704
0.0002952
0.0003284
0.0002862
0.0002057
0.0002586
0.0002250
0.0002948
0.0002426
0.0002570
0.0002073
0.0002180
0.0003436
0.0002492
0.0002755
0.0002385
0.0001979
0.0002365
0.0002393
0.0001626
0.0002882
0.0003169
0.0001925
0.0002451
0.0001930
0.0002648
0.0002734
0.0002357
0.0002361
0.0003428
0.0002180
0.0003247
0.0002410
0.0003202
0.0002098
0.0002094
0.0002151
0.0002369
0.0002447
0.0003169
0.0002919
0.0002439
0.0003169
0.0002262
0.0002857
0.0002907
0.0002201
0.0002656
0.0002398
0.0002073
0.0002476
0.0002315
0.0002398
0.0002340
0.0003572
0.0003346
0.0002911
0.0002673
0.0002500
0.0001934
0.0002591
0.0003063
0.0002250
0.0002722
0.0002040
0.0002176
0.0001893
0.0003646
0.0003071
0.0002767
0.0002529
0.0002254
0.0002422
0.0003174
0.0002344
0.0002763
0.0002759
0.0001979
0.0003375
0.0002697
0.0002944
0.0001733
0.0002857
0.0002521
0.0002102
0.0002968
0.0003227
0.0002730
0.0003153
0.0002480
0.0002147
0.0003477
0.0002574
0.0002176
0.0002681
0.0002184
0.0002669
0.0003424
0.0003169
0.0006400
0.0003206
0.0002611
0.0002008
0.0002139
0.0002262
0.0003272
0.0001655
0.0003067
0.0002451
0.0002381
0.0002788
0.0002513
0.0002521
0.0002722
0.0003067
0.0003297
0.0002459
0.0001999
0.0002919
0.0002960
0.0002537
0.0002628
0.0003001
0.0002118
0.0002196
0.0002599
0.0002196
0.0003371
0.0001852
0.0003313
0.0002915
0.0002742
0.0002402
0.0002471
0.0002447
0.0002578
0.0002521
0.0002985
0.0002886
0.0002209
0.0003309
0.0002611
0.0002151
0.0003009
0.0002221
0.0002640
0.0002763
0.0003288
0.0002447
0.0002525
0.0001708
0.0002952
0.0002915
0.0002607
0.0002849
0.0002525
0.0003178
0.0003174
0.0002484
0.0003432
0.0002763
0.0002447
0.0002287
0.0002410
0.0002837
0.0002632
0.0002471
0.0002467
0.0002410
0.0002242
0.0002377
0.0002139
0.0002369
0.0002816
0.0003231
0.0002636
0.0002734
0.0002274
0.0002866
0.0002607
0.0002102
0.0002369
0.0002993
0.0002878
0.0002385
0.0002439
0.0001938
0.0002911
0.0002685
0.0002151
0.0001930
0.0002258
0.0002755
0.0002779
0.0002722
0.0002467
0.0002221
0.0002340
0.0002299
0.0002599
0.0002525
0.0002242
0.0002332
0.0002406
0.0002845
0.0002188
0.0003001
0.0002570
0.0001843
0.0001560
0.0003030
0.0002283
0.0003153
0.0002521
0.0002948
0.0002837
0.0003137
0.0002718
0.0002471
0.0002435
0.0002315
0.0002886
0.0002488
0.0003067
0.0002389
0.0002841
0.0002435
0.0003157
0.0002500
0.0002476
0.0002484
0.0002595
0.0003473
0.0002324
0.0002796
0.0002759
0.0002274
0.0002357
0.0001646
0.0002525
0.0002389
0.0002492
0.0002110
0.0002357
0.0002090
0.0002463
0.0002907
0.0002517
0.0002164
0.0002956
0.0002184
0.0002541
0.0001889
0.0003013
0.0002599
0.0002422
0.0002463
0.0003531
0.0002927
0.0002488
0.0003350
0.0002435
0.0002652
0.0002196
0.0003876
0.0003461
0.0003982
0.0001921
0.0003009
0.0004664
0.0002878
0.0004545
0.0005243
0.0002504
0.0004052
0.0002159
0.0003695
0.0003239
0.0002357
0.0002816
0.0000571
0.0002931
0.0003572
0.0002081
0.0002086
0.0000751
0.0002225
0.0002718
0.0002981
0.0002960
0.0002689
0.0002935
0.0002710
0.0001289
0.0001856
0.0002985
0.0000887
0.0002829
0.0002632
0.0002147
0.0001995
0.0002279
0.0003301
0.0002525
0.0002615
0.0002767
0.0003178
0.0002623
0.0003518
0.0003572
0.0003038
0.0004725
0.0004705
0.0002640
0.0003075
0.0002357
0.0002595
0.0002689
0.0000899
0.0001043
0.0001622
0.0002196
0.0002759
0.0002898
0.0002648
0.0002779
0.0002697
0.0002307
0.0002463
0.0002911
0.0002775
0.0001556
0.0002784
0.0001991
0.0001864
0.0001412
0.0001889
0.0002632
0.0001663
0.0001630
0.0003001
0.0002102
0.0012435
0.0004701
0.0004927
0.0003473
0.0002447
0.0002242
0.0002402
0.0002742
0.0004927
0.0002816
0.0001593
0.0002053
0.0002012
0.0000899
0.0001605
0.0002956
0.0001790
0.0002652
0.0002016
0.0001897
0.0001515
0.0002081
0.0002320
0.0002102
0.0002090
0.0001655
0.0001457
0.0002681
0.0002291
0.0001880
0.0002246
0.0002447
0.0001827
0.0002201
0.0001195
0.0000751
0.0001384
0.0001983
0.0001523
0.0001404
0.0001999
0.0002332
0.0001482
0.0001650
0.0001482
0.0001420
0.0001519
0.0001979
0.0002217
0.0003141
0.0002135
0.0002114
0.0002049
0.0001334
0.0001560
0.0001995
0.0002028
0.0002377
0.0001847
0.0002069
0.0000780
0.0003383
0.0002656
0.0001991
0.0002036
0.0002517
0.0001745
0.0002209
0.0002369
0.0002217
0.0001388
0.0002430
0.0002385
0.0002385
0.0002365
0.0002430
0.0001843
0.0001646
0.0001195
0.0001384
0.0002123
0.0002393
0.0001946
0.0001868
0.0002541
0.0002069
0.0001971
0.0002496
0.0001921
0.0001704
0.0001384
0.0001967
0.0001868
0.0002279
0.0002081
0.0002045
0.0002225
0.0001708
0.0002472
0.0001737
0.0001638
0.0002451
0.0001962
0.0001396
0.0002480
0.0002131
0.0002049
0.0003995
0.0002611
0.0002903
0.0002114
0.0002820
0.0001950
0.0001630
0.0001523
0.0002061
0.0002447
0.0001351
0.0002878
0.0002229
0.0002225
0.0001847
0.0002016
0.0001679
0.0002332
0.0003132
0.0003399
0.0003194
0.0001338
0.0002582
0.0002636
0.0000969
0.0001252
0.0002508
0.0002759
0.0002607
0.0003408
0.0002106
0.0002615
0.0002176
0.0002829
0.0001486
0.0001384
0.0002488
0.0001811
0.0002213
0.0001995
0.0002463
0.0002418
0.0002508
0.0001938
0.0001700
0.0002213
0.0003071
0.0002829
0.0002077
0.0003108
0.0002632
0.0001835
0.0002266
0.0001860
0.0002443
0.0001979
0.0002348
0.0001979
0.0002451
0.0002246
0.0001384
0.0002747
0.0002886
0.0002484
0.0001839
0.0002176
0.0002558
0.0001880
0.0001946
0.0002110
0.0002410
0.0002094
0.0001347
0.0002279
0.0002656
0.0001995
0.0000981
0.0002024
0.0002870
0.0002090
0.0001515
0.0002369
0.0001515
0.0002414
0.0001441
0.0002057
0.0001659
0.0002615
0.0002131
0.0004257
0.0001901
0.0002184
0.0002628
0.0001913
0.0002131
0.0001646
0.0001416
0.0001917
0.0002332
0.0003703
0.0004483
0.0002480
0.0002311
0.0002603
0.0002365
0.0002373
0.0001535
0.0002344
0.0002480
0.0001585
0.0001880
0.0001962
0.0001753
0.0002110
0.0002816
0.0001498
0.0002582
0.0001223
0.0002176
0.0003867
0.0000838
0.0001137
0.0002090
0.0002328
0.0001634
0.0001191
0.0001724
0.0004077
0.0002402
0.0002997
0.0001412
0.0001515
0.0002755
0.0003547
0.0002640
0.0002673
0.0001819
0.0002209
0.0002102
0.0002233
0.0002488
0.0001342
0.0002295
0.0002430
0.0002053
0.0002090
0.0002771
0.0001540
0.0002722
0.0002361
0.0001597
0.0001630
0.0002369
0.0001724
0.0002184
0.0001564
0.0001991
0.0001687
0.0000850
0.0001535
0.0002209
0.0001425
0.0001737
0.0002931
0.0002102
0.0002529
0.0001326
0.0001453
0.0002430
0.0001219
0.0002344
0.0002480
0.0001811
0.0002320
0.0001786
0.0001351
0.0001527
0.0001519
0.0001626
0.0000944
0.0002599
0.0002283
0.0002541
0.0002911
0.0001593
0.0004110
0.0001691
0.0000903
0.0002956
0.0003305
0.0001499
0.0001884
0.0002997
0.0002615
0.0000903
0.0000825
0.0003268
0.0002636
0.0002077
0.0002237
0.0002045
0.0002192
0.0001388
0.0001868
0.0001741
0.0001778
0.0002492
0.0001753
0.0001708
0.0001585
0.0001737
0.0001416
0.0002057
0.0001753
0.0001712
0.0002270
0.0002065
0.0001634
0.0001724
0.0001626
0.0001967
0.0001716
0.0001950
0.0002053
0.0001453
0.0001687
0.0001827
0.0001527
0.0002155
0.0001663
0.0002734
0.0001806
0.0002344
0.0002094
0.0001782
0.0001527
0.0001864
0.0002180
0.0002586
0.0001925
0.0001761
0.0003239
0.0002710
0.0001568
0.0001761
0.0002225
0.0001864
0.0001893
0.0002508
0.0001971
0.0003202
0.0001145
0.0002513
0.0001745
0.0002012
0.0001618
0.0002086
0.0001823
0.0001519
0.0001445
0.0001548
0.0002521
0.0001232
0.0002398
0.0002808
0.0002763
0.0001659
0.0002061
0.0002320
0.0001663
0.0001806
0.0002853
0.0002907
0.0001269
0.0001901
0.0001946
0.0001564
0.0000558
0.0002012
0.0001839
0.0002057
0.0001388
0.0001852
0.0001519
0.0001749
0.0001581
0.0002422
0.0002344
0.0001950
0.0002213
0.0001679
0.0001999
0.0001749
0.0002094
0.0001232
0.0001753
0.0003449
0.0001433
0.0001975
0.0001347
0.0003079
0.0001856
0.0002205
0.0003670
0.0002254
0.0001884
0.0001745
0.0001999
0.0001774
0.0001934
0.0001696
0.0001137
0.0002291
0.0002049
0.0001499
0.0001757
0.0002476
0.0001375
0.0002496
0.0002086
0.0001975
0.0001326
0.0002168
0.0001712
0.0001568
0.0001466
0.0002077
0.0001823
0.0001150
0.0001605
0.0001860
0.0002131
0.0001831
0.0001133
0.0002742
0.0001392
0.0001995
0.0001975
0.0001630
0.0001847
0.0001466
0.0001494
0.0002098
0.0001925
0.0001511
0.0001798
0.0002562
0.0001696
0.0001199
0.0001893
0.0001967
0.0001683
0.0001802
0.0002332
0.0002418
0.0001901
0.0001527
0.0002016
0.0001839
0.0001236
0.0002463
0.0000833
0.0001039
0.0001067
0.0001453
0.0000546
0.0002270
0.0001392
0.0001338
0.0001946
0.0001211
0.0001556
0.0002155
0.0000460
0.0001466
0.0000965
0.0001720
0.0001967
0.0000505
0.0001626
0.0001494
0.0001560
0.0002020
0.0001384
0.0001999
0.0002049
0.0001400
0.0000887
0.0001613
0.0001178
0.0001416
0.0001609
0.0002435
0.0001388
0.0001096
0.0001626
0.0001297
0.0001396
0.0001696
0.0001552
0.0001679
0.0001839
0.0002981
0.0002291
0.0001018
0.0001843
0.0001174
0.0003395
0.0002714
0.0001400
0.0000866
0.0002003
0.0001474
0.0001638
0.0001589
0.0001096
0.0001585
0.0001905
0.0002106
0.0002196
0.0001999
0.0000809
0.0001700
0.0002529
0.0001811
0.0001277
0.0001638
0.0002968
0.0001408
0.0002340
0.0001080
0.0002607
0.0002738
0.0002201
0.0002135
0.0002135
0.0002073
0.0001893
0.0001182
0.0003358
0.0001420
0.0001655
0.0001597
0.0001232
0.0000796
0.0000558
0.0002106
0.0001260
0.0001609
0.0001408
0.0003321
0.0001117
0.0001264
0.0005670
0.0002697
0.0001798
0.0001806
0.0002640
0.0002537
0.0002796
0.0002369
0.0001646
0.0010765
0.0000817
0.0001687
0.0000916
0.0002008
0.0001737
0.0001802
0.0002061
0.0001601
0.0001806
0.0001519
0.0001679
0.0003293
0.0003436
0.0001942
0.0001630
0.0001737
0.0001256
0.0002451
0.0004233
0.0002931
0.0001691
0.0001991
0.0002217
0.0002545
0.0002788
0.0002644
0.0002825
0.0002451
0.0003408
0.0003104
0.0002131
0.0001145
0.0002118
0.0001564
0.0001441
0.0001478
0.0001351
0.0001753
0.0001154
0.0002915
0.0001449
0.0001260
0.0001823
0.0001367
0.0001876
0.0001474
0.0001527
0.0001490
0.0001593
0.0001511
0.0001942
0.0001868
0.0001577
0.0001831
0.0001494
0.0001285
0.0001843
0.0001359
0.0002127
0.0001667
0.0001490
0.0001137
0.0002229
0.0001856
0.0002554
0.0001720
0.0002008
0.0001388
0.0001067
0.0001466
0.0001897
0.0001388
0.0001872
0.0001671
0.0001342
0.0001511
0.0001388
0.0001683
0.0001388
0.0001925
0.0001416
0.0003416
0.0002435
0.0001897
0.0001371
0.0001646
0.0001466
0.0001847
0.0001133
0.0001404
0.0001503
0.0001334
0.0002020
0.0002480
0.0001987
0.0001334
0.0001494
0.0001671
0.0001774
0.0001618
0.0001453
0.0001384
0.0002164
0.0001396
0.0002086
0.0001084
0.0001191
0.0002081
0.0001564
0.0002365
0.0001363
0.0001613
0.0001852
0.0001642
0.0002086
0.0001671
0.0001786
0.0001174
0.0002467
0.0001474
0.0002065
0.0001819
0.0001917
0.0002562
0.0002385
0.0001802
0.0001962
0.0001852
0.0001564
0.0002188
0.0002611
0.0002147
0.0001958
0.0001470
0.0001342
0.0002656
0.0001236
0.0001318
0.0001429
0.0001909
0.0001691
0.0001470
0.0001798
0.0001322
0.0002681
0.0001971
0.0001655
0.0001498
0.0001909
0.0001687
0.0001835
0.0002324
0.0001560
0.0002315
0.0001909
0.0001433
0.0001416
0.0002028
0.0001831
0.0001334
0.0002274
0.0001416
0.0001498
0.0002307
0.0001720
0.0001597
0.0002040
0.0001297
0.0001556
0.0001897
0.0001979
0.0001962
0.0001880
0.0002295
0.0001228
0.0002279
0.0001515
0.0001860
0.0001987
0.0001630
0.0001667
0.0002102
0.0001548
0.0001700
0.0001548
0.0002012
0.0002274
0.0001585
0.0001466
0.0001671
0.0002036
0.0001322
0.0002566
0.0002459
0.0001925
0.0002566
0.0001876
0.0002086
0.0001700
0.0001765
0.0001975
0.0001326
0.0001466
0.0001958
0.0001457
0.0001531
0.0002040
0.0001609
0.0001769
0.0001700
0.0001535
0.0002003
0.0002693
0.0002320
0.0002024
0.0003157
0.0001511
0.0001577
0.0001872
0.0001765
0.0002139
0.0001938
0.0001958
0.0001470
0.0001519
0.0001605
0.0001909
0.0001761
0.0001905
0.0002287
0.0001893
0.0003202
0.0002373
0.0001523
0.0001691
0.0001835
0.0001868
0.0001269
0.0002192
0.0001515
0.0001749
0.0003030
0.0001535
0.0002841
0.0002480
0.0001778
0.0001716
0.0001301
0.0002956
0.0001798
0.0002184
0.0002172
0.0001786
0.0002205
0.0001499
0.0002081
0.0001593
0.0001696
0.0002131
0.0001938
0.0001917
0.0001552
0.0002008
0.0001975
0.0002410
0.0001999
0.0001806
0.0002036
0.0001716
0.0002073
0.0002053
0.0001995
0.0002734
0.0001679
0.0002476
0.0002874
0.0001852
0.0003350
0.0003050
0.0002020
0.0003046
0.0002123
0.0003276
0.0003284
0.0001913
0.0002164
0.0002164
0.0002242
0.0001568
0.0002164
0.0001264
0.0002225
0.0002065
0.0003124
0.0001572
0.0001511
0.0001708
0.0001794
0.0002081
0.0001671
0.0002340
0.0001277
0.0002336
0.0001564
0.0001979
0.0002024
0.0001018
0.0001269
0.0002139
0.0001671
0.0001601
0.0002090
0.0001823
0.0002361
0.0002217
0.0001917
0.0001856
0.0001823
0.0002348
0.0002242
0.0001425
0.0001856
0.0002307
0.0002143
0.0001597
0.0001761
0.0001486
0.0001696
0.0001802
0.0002578
0.0001893
0.0001806
0.0001498
0.0001831
0.0001934
0.0002127
0.0001864
0.0001605
0.0001913
0.0002094
0.0001568
0.0001593
0.0002570
0.0001991
0.0001967
0.0001921
0.0002262
0.0001852
0.0002028
0.0001749
0.0001601
0.0001671
0.0002262
0.0002435
0.0001622
0.0002188
0.0001379
0.0001987
0.0001737
0.0001876
0.0002554
0.0001930
0.0002127
0.0003186
0.0002077
0.0002147
0.0001790
0.0002057
0.0001839
0.0001215
0.0001921
0.0001720
0.0001470
0.0002090
0.0001749
0.0001421
0.0002237
0.0001790
0.0001880
0.0001252
0.0002106
0.0002114
0.0002611
0.0002496
0.0001889
0.0002250
0.0001794
0.0001769
0.0002393
0.0001749
0.0002040
0.0001745
0.0001371
0.0001876
0.0001638
0.0001999
0.0001601
0.0001942
0.0000431
0.0001523
0.0001437
0.0001531
0.0001425
0.0001806
0.0002065
0.0002517
0.0001466
0.0001856
0.0001577
0.0001852
0.0001663
0.0001609
0.0002164
0.0001925
0.0003379
0.0002159
0.0001659
0.0001774
0.0002365
0.0001531
0.0001330
0.0001618
0.0001433
0.0001942
0.0002188
0.0001527
0.0001396
0.0001683
0.0002849
0.0001314
0.0002053
0.0001355
0.0009003
0.0001856
0.0002788
0.0001408
0.0001650
0.0001581
0.0002049
0.0002903
0.0000505
0.0000957
0.0001371
0.0001811
0.0002291
0.0003761
0.0002701
0.0001490
0.0001404
0.0001843
0.0001864
0.0001342
0.0001987
0.0001946
0.0002003
0.0001338
0.0001400
0.0001482
0.0001207
0.0001893
0.0002274
0.0001741
0.0002825
0.0002090
0.0001897
0.0002127
0.0001843
0.0001351
0.0001412
0.0001626
0.0001006
0.0000452
0.0002336
0.0001191
0.0001145
0.0001806
0.0001798
0.0001572
0.0001289
0.0001507
0.0001429
0.0001055
0.0001384
0.0000505
0.0001441
0.0001683
0.0001638
0.0003022
0.0001995
0.0001535
0.0002369
0.0003477
0.0001815
0.0001876
0.0001765
0.0001437
0.0001482
0.0000784
0.0002012
0.0001026
0.0001581
0.0001297
0.0001597
0.0001880
0.0000936
0.0001872
0.0001441
0.0000985
0.0001930
0.0001917
0.0001700
0.0001137
0.0003083
0.0002710
0.0001404
0.0001404
0.0001359
0.0002410
0.0001708
0.0001839
0.0001330
0.0001519
0.0000604
0.0001195
0.0004881
0.0000891
0.0001342
0.0001416
0.0001835
0.0001790
0.0001359
0.0001301
0.0002057
0.0001847
0.0001954
0.0001351
0.0001425
0.0001511
0.0001942
0.0001958
0.0002176
0.0001215
0.0001531
0.0002168
0.0001117
0.0001749
0.0001449
0.0000858
0.0001630
0.0001511
0.0001815
0.0002032
0.0001486
0.0001260
0.0001864
0.0001457
0.0001170
0.0001679
0.0001191
0.0001108
0.0001342
0.0001835
0.0001585
0.0001511
0.0001490
0.0001642
0.0002098
0.0001462
0.0002201
0.0001379
0.0001445
0.0002948
0.0002574
0.0001519
0.0001388
0.0001429
0.0001946
0.0001696
0.0002155
0.0001125
0.0000497
0.0002533
0.0001634
0.0001691
0.0001876
0.0000386
0.0001843
0.0001568
0.0001515
0.0000911
0.0002299
0.0001408
0.0001400
0.0001671
0.0001396
0.0001363
0.0001630
0.0001704
0.0001482
0.0001765
0.0001540
0.0001999
0.0001051
0.0001704
0.0002127
0.0001720
0.0001445
0.0001277
0.0001478
0.0001971
0.0002131
0.0002878
0.0001884
0.0002533
0.0001609
0.0001782
0.0002903
0.0002656
0.0000940
0.0001679
0.0004364
0.0003202
0.0001827
0.0001893
0.0002143
0.0001449
0.0001860
0.0001585
0.0002127
0.0001281
0.0001293
0.0002098
0.0002053
0.0001720
0.0002057
0.0001999
0.0001835
0.0001860
0.0001954
0.0001946
0.0002003
0.0001975
0.0002857
0.0001769
0.0001425
0.0000743
0.0001946
0.0001556
0.0001823
0.0001449
0.0001334
0.0002328
0.0001342
0.0001999
0.0001067
0.0002361
0.0001626
0.0002012
0.0001269
0.0001018
0.0001367
0.0001301
0.0002389
0.0001030
0.0002422
0.0001375
0.0001535
0.0002073
0.0002562
0.0001954
0.0001650
0.0001256
0.0001769
0.0001363
0.0001511
0.0002098
0.0001326
0.0001835
0.0001416
0.0002607
0.0001852
0.0002020
0.0002398
0.0001872
0.0001835
0.0001359
0.0002040
0.0002525
0.0001437
0.0002118
0.0001601
0.0001761
0.0001363
0.0001560
0.0001712
0.0001999
0.0000677
0.0001663
0.0002398
0.0001782
0.0002020
0.0000747
0.0001498
0.0001375
0.0001642
0.0001819
0.0001240
0.0001741
0.0000390
0.0002591
0.0002114
0.0002299
0.0001490
0.0001630
0.0001913
0.0001843
0.0001724
0.0002295
0.0002135
0.0001466
0.0002205
0.0003387
0.0002012
0.0001285
0.0001540
0.0001228
0.0002270
0.0001540
0.0000632
0.0003387
0.0002328
0.0001322
0.0002554
0.0001503
0.0001035
0.0001794
0.0000476
0.0001983
0.0002734
0.0001544
0.0002669
0.0000948
0.0001650
0.0001150
0.0002135
0.0001301
0.0002073
0.0001642
0.0001683
0.0001301
0.0001412
0.0001630
0.0001650
0.0000895
0.0002094
0.0001622
0.0001556
0.0001482
0.0001930
0.0001585
0.0001342
0.0002886
0.0000776
0.0001975
0.0001441
0.0001076
0.0001889
0.0001613
0.0001864
0.0001088
0.0002246
0.0001228
0.0002295
0.0001523
0.0001326
0.0001215
0.0001544
0.0001388
0.0001408
0.0001437
0.0002718
0.0003190
0.0001100
0.0001872
0.0001696
0.0001930
0.0001490
0.0001416
0.0000365
0.0001441
0.0001909
0.0000640
0.0001971
0.0001318
0.0001420
0.0002069
0.0002069
0.0002927
0.0001482
0.0002209
0.0002283
0.0000895
0.0001733
0.0001535
0.0001798
0.0002586
0.0001979
0.0003826
0.0003284
0.0002077
0.0000833
0.0001794
0.0001552
0.0001733
0.0002008
0.0001174
0.0000903
0.0001486
0.0001572
0.0001597
0.0001260
0.0001905
0.0002151
0.0001236
0.0002155
0.0002307
0.0002471
0.0001379
0.0001108
0.0002402
0.0001084
0.0001622
0.0001162
0.0001712
0.0002110
0.0001577
0.0001092
0.0001872
0.0001806
0.0000870
0.0001626
0.0001260
0.0001687
0.0002106
0.0001999
0.0000768
0.0002948
0.0001006
0.0001548
0.0001967
0.0001289
0.0002147
0.0001211
0.0001367
0.0000850
0.0001798
0.0001741
0.0001577
0.0001121
0.0001897
0.0001581
0.0000792
0.0000686
0.0002086
0.0001400
0.0001515
0.0001503
0.0003375
0.0001544
0.0001667
0.0002123
0.0001375
0.0001564
0.0001733
0.0001991
0.0001696
0.0001868
0.0000994
0.0002036
0.0001141
0.0001310
0.0001388
0.0002451
0.0001757
0.0001971
0.0002336
0.0001170
0.0001540
0.0001256
0.0001634
0.0001445
0.0001392
0.0001560
0.0001618
0.0000957
0.0001700
0.0000452
0.0002517
0.0002155
0.0001503
0.0001979
0.0001556
0.0001884
0.0001548
0.0001733
0.0001084
0.0001273
0.0000842
0.0001979
0.0001285
0.0000985
0.0001691
0.0001260
0.0001527
0.0001375
0.0000480
0.0003293
0.0000530
0.0000275
0.0002373
0.0001675
0.0000891
0.0001708
0.0001930
0.0001540
0.0001100
0.0001568
0.0002049
0.0001889
0.0001778
0.0002118
0.0001531
0.0001166
0.0000969
0.0001478
0.0000870
0.0001667
0.0001901
0.0001720
0.0001901
0.0001289
0.0001568
0.0002898
0.0001507
0.0003132
0.0000443
0.0000883
0.0001589
0.0001285
0.0000546
0.0002274
0.0003933
0.0002632
0.0001215
0.0001035
0.0000989
0.0000846
0.0001519
0.0001457
0.0001236
0.0001527
0.0001453
0.0001092
0.0000891
0.0001166
0.0001671
0.0001043
0.0001347
0.0000480
0.0001026
0.0002094
0.0001425
0.0001084
0.0000509
0.0001342
0.0001400
0.0001585
0.0001219
0.0000649
0.0001572
0.0000883
0.0000390
0.0001133
0.0001219
0.0000903
0.0001429
0.0002020
0.0001733
0.0001186
0.0001667
0.0000932
0.0001232
0.0001384
0.0001223
0.0000755
0.0001207
0.0001355
0.0002225
0.0001494
0.0000673
0.0001347
0.0001154
0.0001310
0.0000386
0.0001659
0.0001597
0.0001137
0.0001478
0.0001704
0.0001675
0.0001026
0.0001868
0.0001880
0.0001720
0.0001761
0.0002217
0.0001462
0.0003933
0.0001638
0.0002952
0.0002451
0.0001076
0.0000628
0.0001133
0.0001367
0.0001774
0.0002049
0.0000431
0.0000456
0.0001084
0.0001162
0.0001277
0.0001691
0.0000526
0.0002081
0.0001823
0.0000636
0.0001047
0.0000255
0.0001724
0.0000382
0.0001211
0.0001552
0.0001260
0.0001724
0.0000764
0.0001470
0.0001716
0.0001162
0.0000526
0.0000374
0.0001125
0.0000620
0.0001310
0.0001371
0.0001047
0.0001199
0.0000554
0.0001318
0.0001191
0.0001244
0.0001104
0.0001113
0.0001047
0.0000690
0.0000998
0.0002168
0.0001404
0.0001728
0.0000891
0.0000686
0.0001663
0.0001581
0.0001318
0.0000768
0.0001043
0.0001043
0.0000702
0.0001609
0.0001055
0.0001145
0.0000731
0.0001141
0.0000961
0.0000994
0.0001145
0.0001117
0.0001523
0.0001958
0.0001757
0.0001121
0.0000969
0.0000854
0.0001002
0.0001232
0.0001466
0.0001186
0.0002176
0.0001408
0.0000796
0.0001441
0.0001429
0.0000731
0.0001347
0.0001564
0.0000772
0.0001334
0.0002020
0.0001145
0.0000542
0.0002886
0.0001047
0.0001913
0.0001248
0.0002008
0.0000870
0.0001252
0.0000526
0.0000887
0.0001786
0.0001006
0.0001100
0.0001626
0.0001856
0.0001355
0.0000854
0.0001511
0.0001338
0.0001470
0.0000690
0.0002040
0.0001080
0.0000805
0.0001072
0.0001244
0.0001576
0.0000755
0.0000731
0.0001655
0.0001326
0.0001277
0.0001125
0.0001720
0.0001092
0.0001622
0.0001182
0.0001663
0.0001507
0.0000755
0.0001318
0.0001433
0.0000858
0.0002418
0.0000809
0.0000772
0.0001884
0.0001827
0.0000378
0.0001092
0.0001827
0.0001092
0.0000538
0.0001691
0.0001059
0.0001306
0.0001626
0.0001010
0.0001724
0.0000846
0.0001466
0.0001318
0.0001170
0.0001293
0.0001925
0.0001880
0.0001026
0.0001289
0.0002340
0.0001433
0.0003083
0.0000558
0.0000817
0.0001150
0.0000649
0.0002623
0.0002517
0.0000772
0.0002586
0.0001084
0.0001388
0.0001470
0.0001983
0.0000817
0.0001125
0.0001823
0.0001494
0.0001671
0.0001535
0.0001301
0.0002968
0.0001092
0.0000608
0.0001334
0.0001913
0.0001498
0.0001088
0.0002533
0.0001162
0.0000431
0.0001289
0.0001507
0.0001240
0.0001650
0.0001712
0.0001055
0.0001745
0.0001067
0.0002151
0.0000616
0.0001913
0.0001696
0.0001396
0.0001269
0.0001371
0.0001203
0.0001494
0.0000583
0.0000509
0.0001979
0.0001371
0.0001622
0.0000969
0.0001445
0.0006129
0.0000562
0.0001076
0.0000727
0.0002073
0.0001757
0.0000821
0.0001638
0.0001503
0.0004015
0.0001301
0.0001605
0.0000879
0.0002311
0.0000899
0.0000920
0.0002159
0.0001466
0.0001425
0.0000739
0.0003391
0.0002989
0.0001872
0.0000916
0.0002024
0.0001137
0.0001527
0.0001125
0.0001819
0.0000534
0.0001568
0.0001363
0.0001581
0.0002315
0.0001507
0.0001638
0.0000792
0.0000772
0.0001260
0.0001466
0.0000760
0.0000981
0.0000796
0.0001589
0.0000710
0.0000907
0.0000809
0.0001811
0.0001938
0.0000957
0.0001334
0.0001145
0.0001396
0.0001852
0.0001577
0.0001133
0.0002147
0.0000936
0.0000817
0.0001170
0.0001884
0.0000632
0.0001293
0.0001523
0.0001499
0.0000948
0.0000870
0.0001338
0.0001659
0.0000952
0.0001831
0.0001002
0.0001318
0.0000550
0.0001934
0.0000957
0.0002073
0.0001367
0.0000657
0.0000370
0.0001490
0.0000669
0.0000870
0.0001798
0.0000973
0.0002069
0.0001133
0.0001605
0.0000862
0.0000969
0.0001782
0.0001162
0.0001897
0.0000575
0.0001457
0.0001868
0.0001552
0.0000998
0.0001248
0.0001026
0.0001223
0.0001548
0.0002094
0.0000809
0.0001741
0.0001113
0.0002020
0.0000940
0.0001252
0.0001182
0.0001404
0.0001950
0.0001384
0.0001425
0.0001499
0.0003174
0.0001712
0.0000805
0.0001195
0.0001581
0.0001096
0.0000792
0.0002143
0.0001761
0.0000760
0.0001897
0.0001236
0.0000936
0.0001802
0.0001486
0.0001499
0.0001129
0.0000891
0.0000973
0.0002016
0.0001162
0.0001967
0.0001182
0.0001338
0.0001991
0.0000357
0.0001535
0.0001433
0.0000911
0.0002024
0.0002073
0.0000661
0.0001519
0.0001507
0.0001203
0.0001248
0.0001893
0.0001437
0.0001696
0.0000911
0.0001100
0.0002796
0.0001080
0.0001449
0.0001092
0.0000542
0.0001203
0.0002237
0.0000628
0.0000394
0.0001129
0.0001260
0.0001096
0.0002373
0.0000423
0.0000874
0.0000653
0.0001289
0.0002320
0.0001831
0.0001191
0.0001334
0.0000649
0.0001359
0.0001351
0.0001170
0.0002016
0.0003720
0.0002123
0.0001211
0.0000891
0.0001260
0.0001203
0.0001515
0.0001158
0.0001897
0.0001178
0.0001568
0.0000973
0.0000796
0.0001178
0.0001338
0.0001540
0.0000530
0.0001039
0.0000595
0.0001433
0.0001129
0.0001806
0.0001544
0.0001244
0.0001503
0.0000706
0.0000924
0.0001999
0.0001408
0.0001548
0.0001700
0.0000727
0.0002217
0.0001482
0.0002303
0.0000735
0.0002541
0.0001063
0.0000796
0.0002287
0.0000718
0.0003091
0.0001790
0.0001100
0.0001745
0.0001371
0.0001728
0.0001490
0.0001856
0.0001293
0.0001080
0.0002201
0.0000833
0.0001170
0.0001482
0.0002151
0.0000415
0.0001199
0.0002012
0.0000435
0.0002393
0.0001577
0.0000361
0.0000870
0.0000817
0.0001864
0.0001338
0.0001043
0.0001474
0.0001211
0.0001901
0.0000833
0.0002262
0.0001597
0.0001630
0.0001051
0.0001679
0.0002102
0.0000382
0.0000829
0.0002825
0.0001285
0.0000998
0.0001527
0.0001913
0.0002689
0.0001704
0.0002274
0.0000501
0.0001983
0.0001396
0.0001589
0.0001544
0.0001466
0.0001979
0.0000497
0.0000526
0.0001104
0.0002352
0.0000591
0.0002049
0.0001026
0.0001293
0.0002898
0.0001486
0.0001769
0.0001577
0.0000571
0.0001601
0.0000604
0.0000944
0.0001244
0.0001474
0.0002057
0.0001642
0.0001449
0.0000341
0.0001330
0.0001490
0.0001195
0.0000989
0.0002513
0.0001260
0.0000501
0.0001749
0.0002266
0.0001195
0.0001531
0.0001285
0.0005284
0.0001248
0.0000673
0.0000920
0.0001026
0.0001909
0.0001186
0.0001790
0.0001490
0.0001338
0.0002558
0.0000850
0.0001375
0.0002024
0.0001351
0.0001174
0.0001626
0.0001519
0.0000920
0.0001150
0.0001942
0.0001462
0.0001203
0.0002024
0.0001577
0.0001256
0.0001158
0.0001269
0.0001072
0.0001696
0.0001704
0.0001145
0.0001921
0.0001462
0.0001174
0.0000493
0.0002045
0.0001642
0.0001712
0.0001026
0.0002102
0.0002652
0.0000911
0.0001203
0.0001330
0.0001199
0.0001889
0.0001749
0.0001585
0.0001613
0.0001618
0.0001560
0.0001408
0.0000575
0.0001182
0.0001934
0.0000402
0.0002348
0.0000480
0.0001482
0.0001593
0.0001577
0.0001659
0.0001158
0.0001609
0.0000924
0.0002410
0.0001121
0.0001556
0.0000866
0.0001154
0.0001540
0.0000411
0.0000341
0.0000427
0.0001823
0.0002640
0.0002402
0.0000591
0.0000493
0.0000665
0.0000501
0.0000501
0.0000435
0.0000558
0.0000448
0.0000493
0.0000604
0.0000386
0.0000484
0.0000677
0.0000751
0.0000833
0.0000517
0.0000513
0.0000616
0.0000398
0.0000468
0.0000497
0.0000489
0.0000456
0.0000439
