0.1030513
0.0057702
0.0016011
0.0032092
0.0029465
0.0022498
0.0056245
0.0046059
0.0015010
0.0013507
0.0013930
0.0014681
0.0012641
0.0013306
0.0014394
0.0014698
0.0017703
0.0015531
0.0016147
0.0015005
0.0013417
0.0019870
0.0015198
0.0014550
0.0018807
0.0016689
0.0020872
0.0015059
0.0025799
0.0014065
0.0020256
0.0018195
0.0014878
0.0023299
0.0021771
0.0021681
0.0018269
0.0024202
0.0018315
0.0015753
0.0015543
0.0015699
0.0016594
0.0016393
0.0016032
0.0017998
0.0023023
0.0017107
0.0020926
0.0019090
0.0011286
0.0032515
0.0025454
0.0016352
0.0022428
0.0022514
0.0020338
0.0022896
0.0020778
0.0019961
0.0023196
0.0035336
0.0024678
0.0019066
0.0024095
0.0018048
0.0013560
0.0058827
0.0018171
0.0021418
0.0014390
0.0011984
0.0016015
0.0012279
0.0014784
0.0014053
0.0019472
0.0013154
0.0048621
0.0034958
0.0018048
0.0017530
0.0022642
0.0012797
0.0149837
0.0058105
0.0031801
0.0018676
0.0016759
0.0019407
0.0035360
0.0013491
0.0014283
0.0018023
0.0013482
0.0026070
0.0017518
0.0019994
0.0015227
0.0016340
0.0014681
0.0015728
0.0016894
0.0014459
0.0013486
0.0013729
0.0016118
0.0015814
0.0019353
0.0013084
0.0011454
0.0016652
0.0017502
0.0015978
0.0044224
0.0018364
0.0011167
0.0015568
0.0011512
0.0013281
0.0011988
0.0016939
0.0017337
0.0013885
0.0012243
0.0012690
0.0011257
0.0008950
0.0016085
0.0010379
0.0013450
0.0011590
0.0012136
0.0011331
0.0013807
0.0015272
0.0013996
0.0018356
0.0020367
0.0011799
0.0010999
0.0015703
0.0015198
0.0016020
0.0011114
0.0015699
0.0011828
0.0009225
0.0013248
0.0033587
0.0009307
0.0015892
0.0011483
0.0011015
0.0012895
0.0011109
0.0014657
0.0013462
0.0014640
0.0009176
0.0012132
0.0011462
0.0012197
0.0014439
0.0009837
0.0014332
0.0010896
0.0011109
0.0009870
0.0008827
0.0011840
0.0014607
0.0013101
0.0010892
0.0011803
0.0009545
0.0009742
0.0009779
0.0009122
0.0008712
0.0008876
0.0009438
0.0008921
0.0010834
0.0010604
0.0012107
0.0009816
0.0007817
0.0009073
0.0009369
0.0010157
0.0010387
0.0009204
0.0010379
0.0007747
0.0011228
0.0008026
0.0006216
0.0010678
0.0010227
0.0012661
0.0009229
0.0009870
0.0008482
0.0009397
0.0009919
0.0009849
0.0009451
0.0008593
0.0007094
0.0008790
0.0007800
0.0008638
0.0008975
0.0008338
0.0008831
0.0009849
0.0007739
0.0010637
0.0009902
0.0009278
0.0008749
0.0011089
0.0009348
0.0011155
0.0023299
0.0009644
0.0008868
0.0012789
0.0009393
0.0007784
0.0010042
0.0010083
0.0008691
0.0009102
0.0006733
0.0009652
0.0017781
0.0009771
0.0007706
0.0007989
0.0007378
0.0010974
0.0009385
0.0006388
0.0012082
0.0008236
0.0010132
0.0007139
0.0009894
0.0008929
0.0008597
0.0007172
0.0008527
0.0008572
0.0009993
0.0011364
0.0008646
0.0008264
0.0008211
0.0006881
0.0007751
0.0005994
0.0006675
0.0007431
0.0010863
0.0010760
0.0007821
0.0007997
0.0008301
0.0009282
0.0005916
0.0005575
0.0009287
0.0007780
0.0007956
0.0008691
0.0007681
0.0008663
0.0008794
0.0005567
0.0007369
0.0007230
0.0007813
0.0007800
0.0006675
0.0006700
0.0008088
0.0006331
0.0007657
0.0006897
0.0007788
0.0007550
0.0007016
0.0005415
0.0005744
0.0007435
0.0009003
0.0006417
0.0006565
0.0005604
0.0006064
0.0006606
0.0005863
0.0007102
0.0005793
0.0006281
0.0006261
0.0007603
0.0005148
0.0007390
0.0007102
0.0005666
0.0005317
0.0006581
0.0004976
0.0004471
0.0008716
0.0007176
0.0006975
0.0010884
0.0005115
0.0006478
0.0005181
0.0005731
0.0006376
0.0006675
0.0005555
0.0006450
0.0006433
0.0006142
0.0006515
0.0008055
0.0007176
0.0007759
0.0007800
0.0005805
0.0007562
0.0006462
0.0005838
0.0005904
0.0006688
0.0005813
0.0005530
0.0005883
0.0005440
0.0006429
0.0006790
0.0005300
0.0006741
0.0006454
0.0006581
0.0008195
0.0006331
0.0005518
0.0006458
0.0006733
0.0005522
0.0004947
0.0005009
0.0006934
0.0007176
0.0005021
0.0005945
0.0007144
0.0006524
0.0006175
0.0005920
0.0007308
0.0006097
0.0006614
0.0005900
0.0006762
0.0009217
0.0006992
0.0007041
0.0005711
0.0011302
0.0007222
0.0007718
0.0010403
0.0009865
0.0006918
0.0005600
0.0005826
0.0009377
0.0007020
0.0005559
0.0006031
0.0006655
0.0005419
0.0006905
0.0006470
0.0006622
0.0005518
0.0007702
0.0007529
0.0005875
0.0006006
0.0006852
0.0006212
0.0004356
0.0005214
0.0005325
0.0006799
0.0006339
0.0005579
0.0006774
0.0008104
0.0005924
0.0005867
0.0006117
0.0005698
0.0006220
0.0005785
0.0005908
0.0006187
0.0006117
0.0006749
0.0005152
0.0008617
0.0007000
0.0007924
0.0005575
0.0004598
0.0007102
0.0005748
0.0006253
0.0006704
0.0007242
0.0008133
0.0005826
0.0005111
0.0006335
0.0007451
0.0004594
0.0005645
0.0005185
0.0005793
0.0006856
0.0005546
0.0006244
0.0006368
0.0005140
0.0004918
0.0005148
0.0009956
0.0006121
0.0006010
0.0005596
0.0004861
0.0005321
0.0006392
0.0004294
0.0005727
0.0006811
0.0005083
0.0005181
0.0006244
0.0005629
0.0005255
0.0004311
0.0005107
0.0004549
0.0006569
0.0004565
0.0004693
0.0003888
0.0003884
0.0004430
0.0003642
0.0004754
0.0005551
0.0012747
0.0006368
0.0003572
0.0007172
0.0005719
0.0005698
0.0005337
0.0004725
0.0006191
0.0004590
0.0004381
0.0006491
0.0006347
0.0004931
0.0004951
0.0005953
0.0004200
0.0005234
0.0006253
0.0006368
0.0003851
0.0004873
0.0005444
0.0003633
0.0004040
0.0003646
0.0003835
0.0004122
0.0005579
0.0004582
0.0005362
0.0004980
0.0008330
0.0006331
0.0005633
0.0004701
0.0004910
0.0004504
0.0005785
0.0004508
0.0004364
0.0003822
0.0004836
0.0005062
0.0007612
0.0004914
0.0004828
0.0013129
0.0005395
0.0007180
0.0006368
0.0004935
0.0004705
0.0004775
0.0005124
0.0004635
0.0005218
0.0005132
0.0004565
0.0004315
0.0004808
0.0005140
0.0005854
0.0010666
0.0004015
0.0004500
0.0003018
0.0008445
0.0006717
0.0004159
0.0004808
0.0005407
0.0004898
0.0004935
0.0003153
0.0004881
0.0003646
0.0004220
0.0003769
0.0004397
0.0007373
0.0004746
0.0005666
0.0003514
0.0003757
0.0005588
0.0003502
0.0003350
0.0004036
0.0004348
0.0005017
0.0004126
0.0004253
0.0003929
0.0004746
0.0004253
0.0004274
0.0005723
0.0005066
0.0005912
0.0005612
0.0005251
0.0008264
0.0005670
0.0004294
0.0006236
0.0005608
0.0006458
0.0004783
0.0005563
0.0005616
0.0005005
0.0006125
0.0004311
0.0005115
0.0004964
0.0004828
0.0004147
0.0003826
0.0004647
0.0005218
0.0005148
0.0004118
0.0006893
0.0006257
0.0004155
0.0003547
0.0003752
0.0004475
0.0003859
0.0004799
0.0006556
0.0007160
0.0003789
0.0004861
0.0005390
0.0004824
0.0004036
0.0003646
0.0003925
0.0005432
0.0004943
0.0003637
0.0006343
0.0004381
0.0004167
0.0004274
0.0004775
0.0003789
0.0003761
0.0005239
0.0003490
0.0004553
0.0003190
0.0003986
0.0004721
0.0003596
0.0003621
0.0004142
0.0003531
0.0003601
0.0004532
0.0003260
0.0003403
0.0004393
0.0004877
0.0004159
0.0004487
0.0003605
0.0004799
0.0004385
0.0003995
0.0003149
0.0004672
0.0004270
0.0005345
0.0005456
0.0004183
0.0004766
0.0003748
0.0004385
0.0004516
0.0004303
0.0003921
0.0004553
0.0004208
0.0004335
0.0003777
0.0002812
0.0004886
0.0011717
0.0004902
0.0005493
0.0003219
0.0004385
0.0003793
0.0003900
0.0005341
0.0003408
0.0004015
0.0003921
0.0002972
0.0003658
0.0003925
0.0004996
0.0004643
0.0005214
0.0003814
0.0002993
0.0004101
0.0003835
0.0004573
0.0005969
0.0003839
0.0003781
0.0003403
0.0004130
0.0005021
0.0003633
0.0004093
0.0003732
0.0003736
0.0004450
0.0003555
0.0004697
0.0003752
0.0003050
0.0003104
0.0003375
0.0003498
0.0003383
0.0003580
0.0004508
0.0003617
0.0003046
0.0003703
0.0004085
0.0004270
0.0006240
0.0004179
0.0003555
0.0004142
0.0003141
0.0004844
0.0004397
0.0002948
0.0003018
0.0004253
0.0004865
0.0003116
0.0003490
0.0003391
0.0003703
0.0003933
0.0003629
0.0002788
0.0004442
0.0004114
0.0003613
0.0003182
0.0006634
0.0005263
0.0003715
0.0003826
0.0005850
0.0004015
0.0003715
0.0003432
0.0002660
0.0004056
0.0003986
0.0003514
0.0004528
0.0003785
0.0004442
0.0003535
0.0009636
0.0008039
0.0004130
0.0003272
0.0003720
0.0004812
0.0004270
0.0004890
0.0003777
0.0004352
0.0004003
0.0004705
0.0003810
0.0005390
0.0003461
0.0003174
0.0004027
0.0003617
0.0004647
0.0004758
0.0003633
0.0004430
0.0003609
0.0005230
0.0003785
0.0002591
0.0003929
0.0002816
0.0003855
0.0003206
0.0004249
0.0004081
0.0003108
0.0003132
0.0003666
0.0003137
0.0002730
0.0004142
0.0003522
0.0004196
0.0003252
0.0003268
0.0004397
0.0005202
0.0004225
0.0003030
0.0005982
0.0003473
0.0002985
0.0001921
0.0004808
0.0003670
0.0003334
0.0003141
0.0003880
0.0003884
0.0002960
0.0004528
0.0003810
0.0003449
0.0003354
0.0003666
0.0003531
0.0002205
0.0003518
0.0003596
0.0003120
0.0003945
0.0003826
0.0003781
0.0003769
0.0002857
0.0004537
0.0003929
0.0004627
0.0004282
0.0003280
0.0003330
0.0004159
0.0002311
0.0004524
0.0003687
0.0003457
0.0003859
0.0002677
0.0002915
0.0003506
0.0003617
0.0003342
0.0003165
0.0003732
0.0004101
0.0003383
0.0004032
0.0002771
0.0003050
0.0002935
0.0003018
0.0002636
0.0003457
0.0003161
0.0005042
0.0002796
0.0003293
0.0002960
0.0002759
0.0003239
0.0003210
0.0004323
0.0002697
0.0002841
0.0004861
0.0003621
0.0002976
0.0002685
0.0003502
0.0002825
0.0002357
0.0003030
0.0002652
0.0002652
0.0003789
0.0002529
0.0002504
0.0002915
0.0002660
0.0003256
0.0002956
0.0002808
0.0003124
0.0002636
0.0002923
0.0002976
0.0002784
0.0002726
0.0002328
0.0002213
0.0007714
0.0002393
0.0002660
0.0002603
0.0002656
0.0002582
0.0002151
0.0002628
0.0002586
0.0002841
0.0002422
0.0001999
0.0002500
0.0003383
0.0002529
0.0002730
0.0003625
0.0002307
0.0001847
0.0003104
0.0003215
0.0002570
0.0002898
0.0003149
0.0003137
0.0002352
0.0002262
0.0002648
0.0003264
0.0006758
0.0002837
0.0002414
0.0002320
0.0002061
0.0001868
0.0002788
0.0002755
0.0002246
0.0002032
0.0002492
0.0002759
0.0002447
0.0002344
0.0003633
0.0002595
0.0002266
0.0002767
0.0002997
0.0002669
0.0002985
0.0002357
0.0003096
0.0002492
0.0002693
0.0002225
0.0002607
0.0002500
0.0002578
0.0002820
0.0004097
0.0003067
0.0002164
0.0002664
0.0002619
0.0002640
0.0002964
0.0002484
0.0002841
0.0002841
0.0002476
0.0002012
0.0002357
0.0002406
0.0002361
0.0002274
0.0002459
0.0002028
0.0002796
0.0002164
0.0002648
0.0002135
0.0003707
0.0002767
0.0002225
0.0002529
0.0002065
0.0002143
0.0002172
0.0002586
0.0001794
0.0002784
0.0002615
0.0002028
0.0002246
0.0001839
0.0002619
0.0002205
0.0002246
0.0002779
0.0002751
0.0002447
0.0002225
0.0002611
0.0002221
0.0002398
0.0002935
0.0002513
0.0002669
0.0003268
0.0002976
0.0002377
0.0002217
0.0002352
0.0002804
0.0002443
0.0002500
0.0002681
0.0002550
0.0002402
0.0001975
0.0002517
0.0002279
0.0002315
0.0003128
0.0002685
0.0002660
0.0002981
0.0003288
0.0002931
0.0002784
0.0002718
0.0003022
0.0002767
0.0003050
0.0002615
0.0002681
0.0001248
0.0002307
0.0002701
0.0002554
0.0001342
0.0002578
0.0003366
0.0001987
0.0002681
0.0002808
0.0002788
0.0002513
0.0002521
0.0002845
0.0002480
0.0004069
0.0002406
0.0001519
0.0002820
0.0003132
0.0002340
0.0002603
0.0002545
0.0002504
0.0002669
0.0002755
0.0002525
0.0002410
0.0002521
0.0002656
0.0002566
0.0002307
0.0002003
0.0002328
0.0002250
0.0002607
0.0002923
0.0002455
0.0002135
0.0002636
0.0003288
0.0002439
0.0002857
0.0002192
0.0002307
0.0002611
0.0002147
0.0002751
0.0002607
0.0002632
0.0001909
0.0002389
0.0002094
0.0002410
0.0002377
0.0002180
0.0002414
0.0002697
0.0002295
0.0002525
0.0002406
0.0002734
0.0002283
0.0002086
0.0002874
0.0003059
0.0002377
0.0002270
0.0002562
0.0002262
0.0002385
0.0002283
0.0002792
0.0002279
0.0002381
0.0002784
0.0002381
0.0002697
0.0002262
0.0002402
0.0002763
0.0002123
0.0002525
0.0002357
0.0002660
0.0002549
0.0002792
0.0003412
0.0002623
0.0002188
0.0002673
0.0002455
0.0002907
0.0002352
0.0002513
0.0002188
0.0002800
0.0002225
0.0002755
0.0002574
0.0002205
0.0001917
0.0002287
0.0002414
0.0002989
0.0003198
0.0002529
0.0002295
0.0002336
0.0002463
0.0002299
0.0002956
0.0003059
0.0003059
0.0001856
0.0002471
0.0002919
0.0002693
0.0002771
0.0003075
0.0002348
0.0002730
0.0002632
0.0002254
0.0002541
0.0002554
0.0002697
0.0002574
0.0002603
0.0002706
0.0003371
0.0001946
0.0003391
0.0002545
0.0002890
0.0002451
0.0002623
0.0003013
0.0002328
0.0002623
0.0002792
0.0003018
0.0002640
0.0002816
0.0004389
0.0003654
0.0002632
0.0002808
0.0002751
0.0002492
0.0002697
0.0002907
0.0002480
0.0001568
0.0002410
0.0002139
0.0002135
0.0002357
0.0002295
0.0002352
0.0002340
0.0002065
0.0002094
0.0002508
0.0002225
0.0002471
0.0002944
0.0002406
0.0002127
0.0002849
0.0002714
0.0002578
0.0002476
0.0002385
0.0002660
0.0002480
0.0002426
0.0002734
0.0002225
0.0002414
0.0002213
0.0002344
0.0002237
0.0002603
0.0002180
0.0002537
0.0002820
0.0002385
0.0002697
0.0002669
0.0002603
0.0002697
0.0003132
0.0002209
0.0002032
0.0002254
0.0002205
0.0002398
0.0002771
0.0002435
0.0002829
0.0002307
0.0002689
0.0002336
0.0001987
0.0002471
0.0002274
0.0002320
0.0002184
0.0002866
0.0002192
0.0002147
0.0003153
0.0002857
0.0002541
0.0002673
0.0002500
0.0002471
0.0002615
0.0002689
0.0002361
0.0002677
0.0002451
0.0003239
0.0002701
0.0002940
0.0002607
0.0002398
0.0002328
0.0002681
0.0002804
0.0002837
0.0002607
0.0002233
0.0003137
0.0002689
0.0002340
0.0002890
0.0002176
0.0002644
0.0002381
0.0002418
0.0002233
0.0002057
0.0002217
0.0002882
0.0003128
0.0002603
0.0002410
0.0002788
0.0002508
0.0002669
0.0002525
0.0002504
0.0002098
0.0002566
0.0002525
0.0002537
0.0002820
0.0002176
0.0002307
0.0001835
0.0002681
0.0002763
0.0002447
0.0002964
0.0002652
0.0002246
0.0002529
0.0002336
0.0002742
0.0002340
0.0001909
0.0002521
0.0001774
0.0002340
0.0002714
0.0002414
0.0002332
0.0002940
0.0002447
0.0002352
0.0002398
0.0002554
0.0002274
0.0002513
0.0001979
0.0002607
0.0002562
0.0003198
0.0003165
0.0002800
0.0003223
0.0002332
0.0002742
0.0002480
0.0002890
0.0003235
0.0002529
0.0002225
0.0002508
0.0002751
0.0002742
0.0002279
0.0002447
0.0002866
0.0003198
0.0002956
0.0003059
0.0003079
0.0002242
0.0002656
0.0002496
0.0002451
0.0002435
0.0003580
0.0002701
0.0003153
0.0002742
0.0002919
0.0002599
0.0002315
0.0001983
0.0002574
0.0002233
0.0002845
0.0002755
0.0002545
0.0002989
0.0002972
0.0002689
0.0002537
0.0002496
0.0002788
0.0002020
0.0002439
0.0002866
0.0002517
0.0002357
0.0002582
0.0002201
0.0002517
0.0003149
0.0002500
0.0002940
0.0002320
0.0003239
0.0003297
0.0002628
0.0003018
0.0002652
0.0002566
0.0002742
0.0002997
0.0002159
0.0002706
0.0003046
0.0002217
0.0002816
0.0002788
0.0003087
0.0002628
0.0002418
0.0002599
0.0002697
0.0002344
0.0002771
0.0003371
0.0002365
0.0002422
0.0002270
0.0002701
0.0002439
0.0002463
0.0002340
0.0001991
0.0002800
0.0002205
0.0002632
0.0002045
0.0006060
0.0002484
0.0002410
0.0002976
0.0002825
0.0002898
0.0118697
0.0002989
0.0002295
0.0003280
0.0002718
0.0002558
0.0001913
0.0002496
0.0002480
0.0002008
0.0001917
0.0002032
0.0002455
0.0010888
0.0007234
0.0001876
0.0001704
0.0002599
0.0001375
0.0002147
0.0001860
0.0002098
0.0002862
0.0001835
0.0002628
0.0002874
0.0002270
0.0002036
0.0002324
0.0002311
0.0002057
0.0002205
0.0002135
0.0002283
0.0002554
0.0002775
0.0002221
0.0002123
0.0127610
0.0001572
0.0018360
0.0002903
0.0015400
0.0003153
0.0002040
0.0001753
0.0002537
0.0001979
0.0002221
0.0002172
0.0002024
0.0002266
0.0002701
0.0002045
0.0001671
0.0001856
0.0002919
0.0002554
0.0002049
0.0002003
0.0001979
0.0001983
0.0001831
0.0002213
0.0002086
0.0002003
0.0002123
0.0001605
0.0002242
0.0002287
0.0001913
0.0001938
0.0001609
0.0001671
0.0001962
0.0002221
0.0002114
0.0001913
0.0001704
0.0001962
0.0002537
0.0002545
0.0001737
0.0001864
0.0002102
0.0002205
0.0001696
0.0002369
0.0002258
0.0001827
0.0002053
0.0002365
0.0002057
0.0002488
0.0002451
0.0002344
0.0002258
0.0001942
0.0002619
0.0001868
0.0001946
0.0002102
0.0002496
0.0002521
0.0002061
0.0002357
0.0002488
0.0001749
0.0002151
0.0003169
0.0003112
0.0002057
0.0005099
0.0003605
0.0002246
0.0003149
0.0002258
0.0002541
0.0003124
0.0003116
0.0002036
0.0002673
0.0002710
0.0003276
0.0003252
0.0003100
0.0002751
0.0002681
0.0002972
0.0003112
0.0003091
0.0002878
0.0001967
0.0003054
0.0001330
0.0003539
0.0002554
0.0002135
0.0002981
0.0002927
0.0002274
0.0002373
0.0002615
0.0003059
0.0002607
0.0003141
0.0002849
0.0003030
0.0003288
0.0003395
0.0002566
0.0001720
0.0003830
0.0002956
0.0002225
0.0002833
0.0002357
0.0001712
0.0003091
0.0002878
0.0002751
0.0002689
0.0002299
0.0002439
0.0002907
0.0002595
0.0002480
0.0002997
0.0002718
0.0002948
0.0003018
0.0002443
0.0002648
0.0002291
0.0002385
0.0003059
0.0002463
0.0002636
0.0003001
0.0003009
0.0002866
0.0003202
0.0002976
0.0002923
0.0001757
0.0002545
0.0002127
0.0002586
0.0002636
0.0002254
0.0003999
0.0003539
0.0003654
0.0003703
0.0003174
0.0002981
0.0002332
0.0002615
0.0002976
0.0002734
0.0002422
0.0003256
0.0003071
0.0002566
0.0002525
0.0002496
0.0002541
0.0002964
0.0002484
0.0002857
0.0002611
0.0002742
0.0003982
0.0003744
0.0003403
0.0001708
0.0002755
0.0002730
0.0002825
0.0003104
0.0003432
0.0002607
0.0002742
0.0002853
0.0002660
0.0002213
0.0001790
0.0002455
0.0002993
0.0002525
0.0002849
0.0002689
0.0002467
0.0002270
0.0002184
0.0002393
0.0002373
0.0003067
0.0003280
0.0002886
0.0003256
0.0002976
0.0002931
0.0003087
0.0003297
0.0002931
0.0002763
0.0002849
0.0002554
0.0002315
0.0002898
0.0002775
0.0003371
0.0002574
0.0002455
0.0001917
0.0002784
0.0001958
0.0002628
0.0002825
0.0002340
0.0001823
0.0003469
0.0003190
0.0002229
0.0002706
0.0002660
0.0002660
0.0002915
0.0001815
0.0003034
0.0002279
0.0002188
0.0002615
0.0002373
0.0002537
0.0002751
0.0002804
0.0002418
0.0002898
0.0002361
0.0003087
0.0002870
0.0002931
0.0002706
0.0002833
0.0002972
0.0002229
0.0002693
0.0001905
0.0002118
0.0001999
0.0001687
0.0002911
0.0002410
0.0002172
0.0002964
0.0003018
0.0002492
0.0002467
0.0002812
0.0003338
0.0002492
0.0002632
0.0002689
0.0002607
0.0002533
0.0003334
0.0002697
0.0002028
0.0002800
0.0002315
0.0002229
0.0002566
0.0002315
0.0002681
0.0002430
0.0002521
0.0002266
0.0003079
0.0002229
0.0002907
0.0002151
0.0002262
0.0002287
0.0002373
0.0002882
0.0003174
0.0003005
0.0002747
0.0002706
0.0002866
0.0002706
0.0002603
0.0002972
0.0003399
0.0002233
0.0002254
0.0002911
0.0002422
0.0003210
0.0002180
0.0001930
0.0002779
0.0002714
0.0002685
0.0002258
0.0002697
0.0003149
0.0003009
0.0003383
0.0002747
0.0003026
0.0002517
0.0003120
0.0002574
0.0003186
0.0001942
0.0002989
0.0002435
0.0003178
0.0002652
0.0002710
0.0002455
0.0003120
0.0003034
0.0002759
0.0003379
0.0002964
0.0002525
0.0002578
0.0002225
0.0002283
0.0002451
0.0002061
0.0002874
0.0001979
0.0002061
0.0002857
0.0003408
0.0002820
0.0002595
0.0002439
0.0002361
0.0003444
0.0002545
0.0002373
0.0003301
0.0002476
0.0002196
0.0002923
0.0003145
0.0002357
0.0002623
0.0003547
0.0002857
0.0002558
0.0002940
0.0002435
0.0002098
0.0003305
0.0002648
0.0003083
0.0003502
0.0002734
0.0002381
0.0002919
0.0002656
0.0003219
0.0003161
0.0002751
0.0002467
0.0002607
0.0003350
0.0003141
0.0002012
0.0003481
0.0002081
0.0003494
0.0002225
0.0002381
0.0003030
0.0003621
0.0002808
0.0002956
0.0003169
0.0002381
0.0002102
0.0002648
0.0002829
0.0003461
0.0002541
0.0002669
0.0002533
0.0003182
0.0002184
0.0002833
0.0002147
0.0002201
0.0002517
0.0002948
0.0002886
0.0003161
0.0002389
0.0003514
0.0002701
0.0002660
0.0002435
0.0002476
0.0003962
0.0002878
0.0002554
0.0002443
0.0002533
0.0002480
0.0002866
0.0002430
0.0002664
0.0002549
0.0003399
0.0002792
0.0002915
0.0002989
0.0003375
0.0003235
0.0002562
0.0002521
0.0003596
0.0002595
0.0003239
0.0002451
0.0002521
0.0003157
0.0003141
0.0003305
0.0003264
0.0003030
0.0002952
0.0003243
0.0003239
0.0002398
0.0002414
0.0002381
0.0002254
0.0002664
0.0002554
0.0002976
0.0002919
0.0002545
0.0002180
0.0002533
0.0003132
0.0003042
0.0002242
0.0002784
0.0003309
0.0002283
0.0003096
0.0002964
0.0002422
0.0002792
0.0002159
0.0002693
0.0002726
0.0003067
0.0002357
0.0002344
0.0002299
0.0003083
0.0002574
0.0002812
0.0002714
0.0002681
0.0002747
0.0002599
0.0002755
0.0002336
0.0002800
0.0002221
0.0002640
0.0003034
0.0002706
0.0002213
0.0003116
0.0002529
0.0002307
0.0002151
0.0002669
0.0002689
0.0003149
0.0002492
0.0002730
0.0002422
0.0002131
0.0002455
0.0002455
0.0002061
0.0002681
0.0002648
0.0002233
0.0003071
0.0002578
0.0003124
0.0002656
0.0002476
0.0002923
0.0002648
0.0002623
0.0002357
0.0002570
0.0002274
0.0002722
0.0002607
0.0002361
0.0001987
0.0003141
0.0002435
0.0002381
0.0002040
0.0002669
0.0002459
0.0002706
0.0003108
0.0002878
0.0002389
0.0002209
0.0003018
0.0002439
0.0002993
0.0002623
0.0002985
0.0002541
0.0002623
0.0002402
0.0002578
0.0002471
0.0002262
0.0003210
0.0002307
0.0002426
0.0002467
0.0002250
0.0002385
0.0002508
0.0002533
0.0002636
0.0002607
0.0002295
0.0002352
0.0002110
0.0002365
0.0002784
0.0002673
0.0002853
0.0003280
0.0003075
0.0002779
0.0002320
0.0002414
0.0001913
0.0002410
0.0002960
0.0002422
0.0002866
0.0002681
0.0002985
0.0002681
0.0002903
0.0002320
0.0002628
0.0002262
0.0003083
0.0002829
0.0003346
0.0002570
0.0002738
0.0002574
0.0002763
0.0002890
0.0003022
0.0003091
0.0002710
0.0003260
0.0002414
0.0002788
0.0002669
0.0003387
0.0003120
0.0003059
0.0002480
0.0003535
0.0003490
0.0003079
0.0002862
0.0002837
0.0002759
0.0002357
0.0003321
0.0002878
0.0003190
0.0002459
0.0002467
0.0002664
0.0002496
0.0002767
0.0002718
0.0002964
0.0003091
0.0002940
0.0002730
0.0002927
0.0002701
0.0003194
0.0002874
0.0002500
0.0002751
0.0002652
0.0002825
0.0002595
0.0003116
0.0002812
0.0002320
0.0002829
0.0002484
0.0003272
0.0002722
0.0003276
0.0002919
0.0003818
0.0003633
0.0002681
0.0002135
0.0003161
0.0002771
0.0002697
0.0002734
0.0002586
0.0002361
0.0003141
0.0002923
0.0002689
0.0002496
0.0002664
0.0003592
0.0003141
0.0002628
0.0003169
0.0002997
0.0002718
0.0001552
0.0002447
0.0003050
0.0002898
0.0002336
0.0002796
0.0003063
0.0002471
0.0002972
0.0002857
0.0002632
0.0002779
0.0002976
0.0002804
0.0003297
0.0003067
0.0002660
0.0003506
0.0003149
0.0002623
0.0003145
0.0002976
0.0002825
0.0003338
0.0003071
0.0003444
0.0002837
0.0002808
0.0003354
0.0002903
0.0003046
0.0002940
0.0003773
0.0002849
0.0003038
0.0003342
0.0004052
0.0002513
0.0003174
0.0003009
0.0002907
0.0003839
0.0002640
0.0002718
0.0002459
0.0002948
0.0003001
0.0003210
0.0003252
0.0003128
0.0003736
0.0002825
0.0003100
0.0002866
0.0002976
0.0002492
0.0003059
0.0002759
0.0003658
0.0003079
0.0002664
0.0003260
0.0002825
0.0002504
0.0003120
0.0002845
0.0003112
0.0002833
0.0003157
0.0003071
0.0003502
0.0003252
0.0002623
0.0003313
0.0003215
0.0002956
0.0003527
0.0002960
0.0003728
0.0002931
0.0002430
0.0002968
0.0003178
0.0002467
0.0003625
0.0003124
0.0002640
0.0003330
0.0003009
0.0003444
0.0003227
0.0002894
0.0003330
0.0003223
0.0002734
0.0002685
0.0003223
0.0002956
0.0003030
0.0001691
0.0003564
0.0002693
0.0003063
0.0002907
0.0002849
0.0002886
0.0002816
0.0002935
0.0002981
0.0003252
0.0002985
0.0002841
0.0002878
0.0002804
0.0003465
0.0002636
0.0002944
0.0003104
0.0002607
0.0002849
0.0002574
0.0002972
0.0002808
0.0003034
0.0002603
0.0002792
0.0002833
0.0002911
0.0001696
0.0002545
0.0002738
0.0003210
0.0002989
0.0003178
0.0002903
0.0002960
0.0002767
0.0003596
0.0003305
0.0003239
0.0003814
0.0003288
0.0003087
0.0002747
0.0002472
0.0002985
0.0002849
0.0002907
0.0002882
0.0002829
0.0002857
0.0003403
0.0001671
0.0002829
0.0002706
0.0003169
0.0002742
0.0002968
0.0002693
0.0003186
0.0003399
0.0003182
0.0002841
0.0002903
0.0002607
0.0003005
0.0002845
0.0003371
0.0002911
0.0003317
0.0003083
0.0002927
0.0003161
0.0003297
0.0003896
0.0003309
0.0003174
0.0003165
0.0002627
0.0003050
0.0002997
0.0002820
0.0003428
0.0002997
0.0002890
0.0002857
0.0003145
0.0003018
0.0003395
0.0002611
0.0002866
0.0003038
0.0002890
0.0002981
0.0003075
0.0002673
0.0003145
0.0002681
0.0002853
0.0003153
0.0003358
0.0002632
0.0003806
0.0003297
0.0003256
0.0002886
0.0003588
0.0003522
0.0003293
0.0003018
0.0002849
0.0003161
0.0003264
0.0002927
0.0003128
0.0003202
0.0003584
0.0003026
0.0003079
0.0003112
0.0003083
0.0002866
0.0003757
0.0003013
0.0003108
0.0001782
0.0004130
0.0003871
0.0003449
0.0003165
0.0003629
0.0003186
0.0004266
0.0003822
0.0003736
0.0003260
0.0003908
0.0003247
0.0002566
0.0003108
0.0002862
0.0003477
0.0003321
0.0003288
0.0004278
0.0003941
0.0003132
0.0004849
0.0003194
0.0003506
0.0003194
0.0003580
0.0110835
0.0004204
0.0003071
0.0002985
0.0003022
0.0003276
0.0002923
0.0002960
0.0002599
0.0003063
0.0002664
0.0003079
0.0002504
0.0002829
0.0002595
0.0004968
0.0004356
0.0003958
0.0003108
0.0003564
0.0004019
0.0003559
0.0003178
0.0003543
0.0003588
0.0003855
0.0003116
0.0004417
0.0003839
0.0003695
0.0004220
0.0003280
0.0003371
0.0003215
0.0003174
0.0002701
0.0003440
0.0003789
0.0003765
0.0004766
0.0003658
0.0003736
0.0003461
0.0002439
0.0003954
0.0004011
0.0003995
0.0003305
0.0003288
0.0003568
0.0003071
0.0005202
0.0004545
0.0003945
0.0003646
0.0003362
0.0003403
0.0003642
0.0003375
0.0003042
0.0003453
0.0003904
0.0003395
0.0004093
0.0003387
0.0003945
0.0003527
0.0002435
0.0003239
0.0008178
0.0003239
0.0003239
0.0002968
0.0004803
0.0003436
0.0003531
0.0003518
0.0003297
0.0002660
0.0003851
0.0003247
0.0003839
0.0003986
0.0004052
0.0003276
0.0003264
0.0002640
0.0003001
0.0003112
0.0003301
0.0002878
0.0002266
0.0003494
0.0004007
0.0003215
0.0002656
0.0003141
0.0002591
0.0003141
0.0002985
0.0003317
0.0002714
0.0002742
0.0003391
0.0003469
0.0003264
0.0002722
0.0002742
0.0003083
0.0002948
0.0003522
0.0003613
0.0003346
0.0002480
0.0003436
0.0002919
0.0003087
0.0003149
0.0003030
0.0002763
0.0003601
0.0002693
0.0003949
0.0002825
0.0003498
0.0002866
0.0002693
0.0002771
0.0002968
0.0002812
0.0003601
0.0003141
0.0003005
0.0003342
0.0002784
0.0003243
0.0003576
0.0002714
0.0002931
0.0002841
0.0003009
0.0003210
0.0002373
0.0002841
0.0002825
0.0003662
0.0003999
0.0003297
0.0003334
0.0002985
0.0002435
0.0003383
0.0003161
0.0002898
0.0003305
0.0003067
0.0002418
0.0002706
0.0003941
0.0003330
0.0003079
0.0003243
0.0002615
0.0003096
0.0003473
0.0003227
0.0003026
0.0003083
0.0002829
0.0003695
0.0003317
0.0003494
0.0002554
0.0003321
0.0003034
0.0002418
0.0003428
0.0003773
0.0003252
0.0003391
0.0002726
0.0002755
0.0003732
0.0003288
0.0003091
0.0002952
0.0002578
0.0003087
0.0003720
0.0003498
0.0003284
0.0003030
0.0003330
0.0003157
0.0002714
0.0002751
0.0002857
0.0003362
0.0002369
0.0003190
0.0003153
0.0002788
0.0003169
0.0003141
0.0002656
0.0003362
0.0003412
0.0003740
0.0002923
0.0002664
0.0003420
0.0003354
0.0002911
0.0003252
0.0003420
0.0002886
0.0003198
0.0002931
0.0002484
0.0003666
0.0002820
0.0003707
0.0003420
0.0003198
0.0003272
0.0002825
0.0002759
0.0003235
0.0003100
0.0003256
0.0003564
0.0002808
0.0004085
0.0003153
0.0002681
0.0003514
0.0002701
0.0003141
0.0003079
0.0003785
0.0003018
0.0002964
0.0002279
0.0003793
0.0003317
0.0002976
0.0003371
0.0003256
0.0003588
0.0003514
0.0003013
0.0003785
0.0003621
0.0002886
0.0002484
0.0003235
0.0003227
0.0003042
0.0003264
0.0002886
0.0003034
0.0002410
0.0002981
0.0002578
0.0002701
0.0003457
0.0003646
0.0003042
0.0003075
0.0002927
0.0003695
0.0003169
0.0002603
0.0002804
0.0003457
0.0003350
0.0003079
0.0002841
0.0002430
0.0003301
0.0003321
0.0002775
0.0002681
0.0002788
0.0003247
0.0003297
0.0003141
0.0003013
0.0003104
0.0002640
0.0002734
0.0003194
0.0002997
0.0002853
0.0003050
0.0002582
0.0003219
0.0003149
0.0003387
0.0003190
0.0002537
0.0002118
0.0003588
0.0002812
0.0003555
0.0002997
0.0003539
0.0003276
0.0003843
0.0003235
0.0003169
0.0002997
0.0002820
0.0003235
0.0002956
0.0003543
0.0002981
0.0003243
0.0003018
0.0003469
0.0002911
0.0003194
0.0003284
0.0003465
0.0003793
0.0003153
0.0003387
0.0003091
0.0002874
0.0002923
0.0002143
0.0003124
0.0002907
0.0002952
0.0002825
0.0002915
0.0002373
0.0003009
0.0003564
0.0003079
0.0002685
0.0003268
0.0002927
0.0002923
0.0002710
0.0003288
0.0003375
0.0002870
0.0002952
0.0003995
0.0003477
0.0003120
0.0003551
0.0003342
0.0003239
0.0002890
0.0004426
0.0004594
0.0004578
0.0002985
0.0003100
0.0003859
0.0003687
0.0004463
0.0005366
0.0003757
0.0005300
0.0002603
0.0004541
0.0005005
0.0002488
0.0003387
0.0003202
0.0003859
0.0003436
0.0002664
0.0003293
0.0003551
0.0003161
0.0003243
0.0003954
0.0004023
0.0003321
0.0003506
0.0003580
0.0003100
0.0002927
0.0003030
0.0003038
0.0003038
0.0003892
0.0003042
0.0002623
0.0002989
0.0003728
0.0003444
0.0003453
0.0003847
0.0003629
0.0003128
0.0002874
0.0003338
0.0003995
0.0003153
0.0004196
0.0006844
0.0005456
0.0003116
0.0003859
0.0003174
0.0003408
0.0003075
0.0003527
0.0003629
0.0003420
0.0002681
0.0003128
0.0003679
0.0003469
0.0003605
0.0002915
0.0003284
0.0002989
0.0003568
0.0003268
0.0002266
0.0003194
0.0002673
0.0002476
0.0002061
0.0002311
0.0003272
0.0002332
0.0002303
0.0003375
0.0003100
0.0003781
0.0008055
0.0003900
0.0002266
0.0003018
0.0003477
0.0002968
0.0004126
0.0003596
0.0002751
0.0003161
0.0002792
0.0003046
0.0002541
0.0002430
0.0002697
0.0002307
0.0002459
0.0002972
0.0002784
0.0003186
0.0002545
0.0002935
0.0002898
0.0002586
0.0002213
0.0002697
0.0002603
0.0002874
0.0002254
0.0002258
0.0002139
0.0002775
0.0002320
0.0002775
0.0002090
0.0003260
0.0002554
0.0002681
0.0002550
0.0002771
0.0001872
0.0002771
0.0002086
0.0001991
0.0002373
0.0002529
0.0002348
0.0002094
0.0001921
0.0002176
0.0001757
0.0002570
0.0002775
0.0002845
0.0002135
0.0002669
0.0002549
0.0001798
0.0002714
0.0002648
0.0002344
0.0002644
0.0002582
0.0003334
0.0001757
0.0003305
0.0002771
0.0002730
0.0002426
0.0003128
0.0002467
0.0002853
0.0002952
0.0002340
0.0002250
0.0002656
0.0003071
0.0002685
0.0002804
0.0002931
0.0002508
0.0001921
0.0002180
0.0002020
0.0002968
0.0002697
0.0002545
0.0002123
0.0003403
0.0002550
0.0003038
0.0002808
0.0002040
0.0002738
0.0002061
0.0002820
0.0002373
0.0002870
0.0002603
0.0002562
0.0002529
0.0002377
0.0002837
0.0002081
0.0002734
0.0002862
0.0002628
0.0002205
0.0002804
0.0002250
0.0002771
0.0003239
0.0002299
0.0002763
0.0002890
0.0002673
0.0002874
0.0002521
0.0002611
0.0002652
0.0003108
0.0002825
0.0002258
0.0003202
0.0003210
0.0002660
0.0002517
0.0002315
0.0002656
0.0003005
0.0002952
0.0002833
0.0003231
0.0002287
0.0003022
0.0004134
0.0003908
0.0003009
0.0003063
0.0003075
0.0003465
0.0003904
0.0002944
0.0002804
0.0003075
0.0003137
0.0002209
0.0001934
0.0002944
0.0002701
0.0002714
0.0002796
0.0002972
0.0003050
0.0002808
0.0002591
0.0002352
0.0002944
0.0003757
0.0002997
0.0002862
0.0003551
0.0003050
0.0002903
0.0002513
0.0002808
0.0002972
0.0002952
0.0002562
0.0002919
0.0002603
0.0003038
0.0002882
0.0002139
0.0001893
0.0003272
0.0002734
0.0002628
0.0002841
0.0002529
0.0002853
0.0003096
0.0002447
0.0002837
0.0002730
0.0002562
0.0002373
0.0003157
0.0002915
0.0001486
0.0002981
0.0002812
0.0003301
0.0002927
0.0002410
0.0002960
0.0002168
0.0002706
0.0002123
0.0002673
0.0002053
0.0003420
0.0002697
0.0005091
0.0002911
0.0003001
0.0003169
0.0002689
0.0002529
0.0002492
0.0002233
0.0002393
0.0003005
0.0003239
0.0003227
0.0003580
0.0002874
0.0002837
0.0002989
0.0002976
0.0002081
0.0003100
0.0002492
0.0002287
0.0002689
0.0002525
0.0002714
0.0002911
0.0003490
0.0002102
0.0002106
0.0003260
0.0002964
0.0001741
0.0003169
0.0002935
0.0003182
0.0002701
0.0001252
0.0003884
0.0002410
0.0001745
0.0003005
0.0002968
0.0002829
0.0002127
0.0002151
0.0002123
0.0002788
0.0003206
0.0002960
0.0002201
0.0002771
0.0003075
0.0002862
0.0003087
0.0002340
0.0002915
0.0002808
0.0002788
0.0002862
0.0002948
0.0002480
0.0003408
0.0002915
0.0002554
0.0002669
0.0003063
0.0002652
0.0002771
0.0002147
0.0002993
0.0001704
0.0002808
0.0002053
0.0002927
0.0002549
0.0002311
0.0001556
0.0002513
0.0002693
0.0002549
0.0002110
0.0002061
0.0003305
0.0002184
0.0002775
0.0002816
0.0002570
0.0002533
0.0002508
0.0002110
0.0002151
0.0002192
0.0001174
0.0002742
0.0003399
0.0002808
0.0003436
0.0003137
0.0002866
0.0001527
0.0002385
0.0001474
0.0002369
0.0002155
0.0003416
0.0002164
0.0002697
0.0002558
0.0001691
0.0003190
0.0003063
0.0003013
0.0002615
0.0003034
0.0002742
0.0002755
0.0003022
0.0002500
0.0002476
0.0002517
0.0002660
0.0002734
0.0002591
0.0002517
0.0002270
0.0002521
0.0002274
0.0002820
0.0002517
0.0002562
0.0003116
0.0002664
0.0002681
0.0002361
0.0002537
0.0002775
0.0002582
0.0002693
0.0002734
0.0002496
0.0002517
0.0002591
0.0002574
0.0002989
0.0002430
0.0003518
0.0002718
0.0002574
0.0002903
0.0002730
0.0002439
0.0002870
0.0002944
0.0003132
0.0002825
0.0002410
0.0002800
0.0002866
0.0002217
0.0002578
0.0002948
0.0002763
0.0002537
0.0003662
0.0003408
0.0003781
0.0002759
0.0002927
0.0002763
0.0002496
0.0002283
0.0002549
0.0002878
0.0002669
0.0002451
0.0002656
0.0002656
0.0002759
0.0003231
0.0004023
0.0003321
0.0002369
0.0002948
0.0002960
0.0002422
0.0002123
0.0002726
0.0003104
0.0002697
0.0002779
0.0002747
0.0002570
0.0001478
0.0002582
0.0002681
0.0002595
0.0002595
0.0002755
0.0002628
0.0001441
0.0003461
0.0002656
0.0002841
0.0003178
0.0003038
0.0002894
0.0002722
0.0002857
0.0002599
0.0002722
0.0002718
0.0002870
0.0003687
0.0002599
0.0002677
0.0002562
0.0003276
0.0002513
0.0002853
0.0002804
0.0002845
0.0002898
0.0002517
0.0002800
0.0002857
0.0002381
0.0002816
0.0002459
0.0002976
0.0002644
0.0002373
0.0002574
0.0003424
0.0002365
0.0003293
0.0003100
0.0002874
0.0002279
0.0002825
0.0002611
0.0002344
0.0002603
0.0003034
0.0002796
0.0002291
0.0002467
0.0002870
0.0002710
0.0002866
0.0002369
0.0003379
0.0002628
0.0002812
0.0003083
0.0002578
0.0002562
0.0002279
0.0002558
0.0003108
0.0002439
0.0002710
0.0002849
0.0003194
0.0002923
0.0002607
0.0002989
0.0002710
0.0002513
0.0002820
0.0002976
0.0004389
0.0002886
0.0002517
0.0002775
0.0006778
0.0002800
0.0003013
0.0002352
0.0002410
0.0002389
0.0002549
0.0002114
0.0002619
0.0002714
0.0002874
0.0002878
0.0002718
0.0002176
0.0002792
0.0002480
0.0002365
0.0002307
0.0002549
0.0002504
0.0002480
0.0002184
0.0002788
0.0002357
0.0002837
0.0002615
0.0002410
0.0002619
0.0002664
0.0002451
0.0002496
0.0002184
0.0002373
0.0002595
0.0003108
0.0002582
0.0002422
0.0002398
0.0002443
0.0002451
0.0002242
0.0002435
0.0002632
0.0002488
0.0002730
0.0002455
0.0002287
0.0002685
0.0002361
0.0002537
0.0002517
0.0001314
0.0002870
0.0003703
0.0002533
0.0002196
0.0002545
0.0002307
0.0002603
0.0002714
0.0003079
0.0003018
0.0002866
0.0002862
0.0003313
0.0003001
0.0003128
0.0003403
0.0003403
0.0003576
0.0003293
0.0003149
0.0003026
0.0003584
0.0003009
0.0004225
0.0003169
0.0002833
0.0003132
0.0002767
0.0003720
0.0002759
0.0002652
0.0002763
0.0002595
0.0002439
0.0002545
0.0003876
0.0004040
0.0002779
0.0002558
0.0003354
0.0002722
0.0002607
0.0002558
0.0003699
0.0003358
0.0003087
0.0002976
0.0004163
0.0004766
0.0003941
0.0002989
0.0003104
0.0002800
0.0011290
0.0003112
0.0003091
0.0003001
0.0003219
0.0003091
0.0003572
0.0002697
0.0003174
0.0002911
0.0002693
0.0003231
0.0002673
0.0003013
0.0003350
0.0002894
0.0002866
0.0002812
0.0003022
0.0003132
0.0004105
0.0003440
0.0002825
0.0002595
0.0002784
0.0002874
0.0002898
0.0002816
0.0003034
0.0003009
0.0002812
0.0002972
0.0003522
0.0003141
0.0002857
0.0002894
0.0001905
0.0002439
0.0001971
0.0002270
0.0002209
0.0001938
0.0003157
0.0002217
0.0001971
0.0002303
0.0002315
0.0002426
0.0001930
0.0002410
0.0001999
0.0002139
0.0002242
0.0002463
0.0002779
0.0002032
0.0002332
0.0002467
0.0001872
0.0002418
0.0002049
0.0002706
0.0002196
0.0002127
0.0001962
0.0002615
0.0002459
0.0002681
0.0002595
0.0002045
0.0002558
0.0002003
0.0001622
0.0002369
0.0002303
0.0002443
0.0002123
0.0002517
0.0002102
0.0001860
0.0002250
0.0002410
0.0002127
0.0002414
0.0002299
0.0003227
0.0002389
0.0002603
0.0002028
0.0002373
0.0002332
0.0002164
0.0001815
0.0002192
0.0002110
0.0002061
0.0002476
0.0002143
0.0002517
0.0002127
0.0001987
0.0002504
0.0002426
0.0002348
0.0002032
0.0002147
0.0002730
0.0002201
0.0002681
0.0001716
0.0002008
0.0002513
0.0002373
0.0002931
0.0002168
0.0002439
0.0002258
0.0002652
0.0002508
0.0002525
0.0002188
0.0002094
0.0002927
0.0002246
0.0002738
0.0002500
0.0002701
0.0003165
0.0003252
0.0002340
0.0002619
0.0002718
0.0002566
0.0002644
0.0002443
0.0002513
0.0002586
0.0002451
0.0002127
0.0002266
0.0002956
0.0002250
0.0002123
0.0002086
0.0002615
0.0002410
0.0002225
0.0002398
0.0002024
0.0003149
0.0002603
0.0002369
0.0002373
0.0002578
0.0002385
0.0002554
0.0003149
0.0002377
0.0002968
0.0002566
0.0002307
0.0002393
0.0002476
0.0002484
0.0002073
0.0002730
0.0002467
0.0002180
0.0002714
0.0002504
0.0002357
0.0002730
0.0002180
0.0002188
0.0002467
0.0002726
0.0002792
0.0002508
0.0002935
0.0002410
0.0002455
0.0002369
0.0002373
0.0002742
0.0002381
0.0002225
0.0002742
0.0002558
0.0002549
0.0002352
0.0002537
0.0002976
0.0002287
0.0002385
0.0002315
0.0002504
0.0002262
0.0003202
0.0003169
0.0002771
0.0003124
0.0002689
0.0002784
0.0002402
0.0002554
0.0003091
0.0001864
0.0002324
0.0002426
0.0002311
0.0002611
0.0002673
0.0002135
0.0002751
0.0002463
0.0002467
0.0002389
0.0002730
0.0002422
0.0002964
0.0002196
0.0003178
0.0002250
0.0002681
0.0002722
0.0002820
0.0002701
0.0002443
0.0002439
0.0002283
0.0002336
0.0002755
0.0002459
0.0002911
0.0002915
0.0002722
0.0003067
0.0002492
0.0002303
0.0002607
0.0002652
0.0002377
0.0002057
0.0003100
0.0002476
0.0002455
0.0003272
0.0002808
0.0003210
0.0003198
0.0002632
0.0002586
0.0002114
0.0003116
0.0002529
0.0002903
0.0003112
0.0002500
0.0003137
0.0002250
0.0002648
0.0002402
0.0002443
0.0002890
0.0002907
0.0002410
0.0002677
0.0002496
0.0002981
0.0002825
0.0003046
0.0002414
0.0002816
0.0002632
0.0002673
0.0002833
0.0002660
0.0003280
0.0002640
0.0002648
0.0002430
0.0002898
0.0004200
0.0003633
0.0003247
0.0003551
0.0003420
0.0003736
0.0003789
0.0003116
0.0002808
0.0002923
0.0002903
0.0002640
0.0002866
0.0002172
0.0002796
0.0003046
0.0003449
0.0002784
0.0002077
0.0002763
0.0002459
0.0003018
0.0002435
0.0002956
0.0002242
0.0002981
0.0002513
0.0002619
0.0003022
0.0002110
0.0002439
0.0003042
0.0002102
0.0002586
0.0003100
0.0002591
0.0002849
0.0003301
0.0002960
0.0002406
0.0002882
0.0003100
0.0003063
0.0002451
0.0002660
0.0002857
0.0002956
0.0002566
0.0002517
0.0002311
0.0002492
0.0002878
0.0003334
0.0002398
0.0002788
0.0002533
0.0002406
0.0002759
0.0003059
0.0002591
0.0002508
0.0002582
0.0002874
0.0002586
0.0002164
0.0003330
0.0003301
0.0002488
0.0002841
0.0002948
0.0002788
0.0002730
0.0002562
0.0002168
0.0002894
0.0003104
0.0002923
0.0003018
0.0002960
0.0002369
0.0002808
0.0002734
0.0002837
0.0003202
0.0003059
0.0002849
0.0004142
0.0002747
0.0003128
0.0002755
0.0002558
0.0002718
0.0002402
0.0002603
0.0002537
0.0002155
0.0002935
0.0002640
0.0002283
0.0003334
0.0002369
0.0002829
0.0002274
0.0002529
0.0002915
0.0002841
0.0002701
0.0002788
0.0003637
0.0002800
0.0002566
0.0002837
0.0003424
0.0002701
0.0003288
0.0002373
0.0002295
0.0002718
0.0002517
0.0002820
0.0002660
0.0001659
0.0002139
0.0002365
0.0002418
0.0002393
0.0002701
0.0002500
0.0003001
0.0003149
0.0002566
0.0002747
0.0002073
0.0002767
0.0002270
0.0002804
0.0003046
0.0002747
0.0003206
0.0002221
0.0002459
0.0002751
0.0003165
0.0002833
0.0002012
0.0002402
0.0002357
0.0002578
0.0003063
0.0002443
0.0002389
0.0002307
0.0003785
0.0002381
0.0002886
0.0002467
0.0010046
0.0003666
0.0003161
0.0003272
0.0002504
0.0002508
0.0003272
0.0002500
0.0002591
0.0001847
0.0002233
0.0002426
0.0002377
0.0001359
0.0002681
0.0002767
0.0002221
0.0002188
0.0002763
0.0002660
0.0002393
0.0002874
0.0002763
0.0002796
0.0002525
0.0002139
0.0002402
0.0002283
0.0002628
0.0003194
0.0002845
0.0002640
0.0003022
0.0002944
0.0003420
0.0002693
0.0002414
0.0002110
0.0002521
0.0001182
0.0002168
0.0003334
0.0002377
0.0002081
0.0002747
0.0002389
0.0002595
0.0002164
0.0002521
0.0002365
0.0002303
0.0002254
0.0001802
0.0002143
0.0002726
0.0001273
0.0002611
0.0002944
0.0002816
0.0002644
0.0002205
0.0003395
0.0002742
0.0002463
0.0002784
0.0002640
0.0002110
0.0002065
0.0002849
0.0002233
0.0002447
0.0002295
0.0002521
0.0002722
0.0002320
0.0002788
0.0002159
0.0002164
0.0002985
0.0002373
0.0002944
0.0002225
0.0002960
0.0002673
0.0002229
0.0002586
0.0002307
0.0002459
0.0002862
0.0002738
0.0002681
0.0001655
0.0002492
0.0002652
0.0002151
0.0003046
0.0002233
0.0001958
0.0002447
0.0002882
0.0002656
0.0002533
0.0002422
0.0002779
0.0002673
0.0003178
0.0002188
0.0002311
0.0002480
0.0003145
0.0002976
0.0002664
0.0002484
0.0002619
0.0002291
0.0002738
0.0002656
0.0002956
0.0002061
0.0002471
0.0002336
0.0003026
0.0002976
0.0002069
0.0002849
0.0002886
0.0002414
0.0002114
0.0002788
0.0002192
0.0002172
0.0002221
0.0002964
0.0002669
0.0002418
0.0002205
0.0002623
0.0002976
0.0003186
0.0002804
0.0002324
0.0002537
0.0002730
0.0002796
0.0002369
0.0002837
0.0002307
0.0002960
0.0001622
0.0002968
0.0002976
0.0001560
0.0003149
0.0003293
0.0002796
0.0002779
0.0001470
0.0002578
0.0003227
0.0002562
0.0002755
0.0002755
0.0002619
0.0002209
0.0002406
0.0002788
0.0002139
0.0002299
0.0003288
0.0002562
0.0002525
0.0003038
0.0002570
0.0003157
0.0002209
0.0002952
0.0002742
0.0002714
0.0002591
0.0002381
0.0002664
0.0003264
0.0003235
0.0003974
0.0003399
0.0003350
0.0002348
0.0003059
0.0002644
0.0002714
0.0002418
0.0003260
0.0003280
0.0003174
0.0003030
0.0003116
0.0003153
0.0002365
0.0003018
0.0002767
0.0003346
0.0002607
0.0002430
0.0003490
0.0002878
0.0002804
0.0003428
0.0003284
0.0002911
0.0002948
0.0002976
0.0002882
0.0003260
0.0001700
0.0002903
0.0003054
0.0002426
0.0002340
0.0002184
0.0003194
0.0002714
0.0002648
0.0001872
0.0003317
0.0003408
0.0002393
0.0003309
0.0002931
0.0003100
0.0003720
0.0002357
0.0002426
0.0002558
0.0002521
0.0002681
0.0003276
0.0002303
0.0003572
0.0002554
0.0002578
0.0003206
0.0003239
0.0002726
0.0002911
0.0002545
0.0003132
0.0002767
0.0002874
0.0002779
0.0002976
0.0002681
0.0002812
0.0003432
0.0002940
0.0003416
0.0003559
0.0002878
0.0002866
0.0003239
0.0002894
0.0003637
0.0002755
0.0003498
0.0002578
0.0003100
0.0002681
0.0002652
0.0002775
0.0002591
0.0002796
0.0003235
0.0003387
0.0002808
0.0003190
0.0002418
0.0002673
0.0002566
0.0002927
0.0002907
0.0002369
0.0003198
0.0002287
0.0003305
0.0003128
0.0003391
0.0002907
0.0003128
0.0003018
0.0002894
0.0002792
0.0003461
0.0003194
0.0002985
0.0001724
0.0002591
0.0003247
0.0002927
0.0002525
0.0002812
0.0002582
0.0003383
0.0001946
0.0001507
0.0003001
0.0003219
0.0003531
0.0002997
0.0003026
0.0002751
0.0002591
0.0002110
0.0002738
0.0004085
0.0003408
0.0003009
0.0003613
0.0002775
0.0003596
0.0002812
0.0003272
0.0002730
0.0003190
0.0002845
0.0002915
0.0002595
0.0002714
0.0003145
0.0002903
0.0002529
0.0002862
0.0002989
0.0002816
0.0002759
0.0002903
0.0002648
0.0002747
0.0003026
0.0002566
0.0002919
0.0002935
0.0002730
0.0003054
0.0003054
0.0003219
0.0003013
0.0002853
0.0002541
0.0003600
0.0002500
0.0001798
0.0003293
0.0002681
0.0002677
0.0002898
0.0002652
0.0002927
0.0003063
0.0002504
0.0003880
0.0002393
0.0002907
0.0002862
0.0001893
0.0002603
0.0002853
0.0003178
0.0002377
0.0003280
0.0002710
0.0002870
0.0002940
0.0003510
0.0003900
0.0003354
0.0003350
0.0003444
0.0002738
0.0002919
0.0003013
0.0003157
0.0003925
0.0003264
0.0003785
0.0003108
0.0003297
0.0002636
0.0002779
0.0002956
0.0003141
0.0003120
0.0002315
0.0002545
0.0002685
0.0003194
0.0002529
0.0002759
0.0002944
0.0003305
0.0002837
0.0003227
0.0003124
0.0002866
0.0002845
0.0003054
0.0003325
0.0002426
0.0003075
0.0002644
0.0002689
0.0003338
0.0003165
0.0002706
0.0003120
0.0002976
0.0002689
0.0003141
0.0002759
0.0003387
0.0003112
0.0003465
0.0002714
0.0003818
0.0002825
0.0002972
0.0003880
0.0002582
0.0003227
0.0002944
0.0002771
0.0002981
0.0002907
0.0003165
0.0002853
0.0003104
0.0003247
0.0001868
0.0003194
0.0003288
0.0003178
0.0002968
0.0001769
0.0003781
0.0005058
0.0002837
0.0003005
0.0003412
0.0002866
0.0002985
0.0002935
0.0003301
0.0003272
0.0003264
0.0002730
0.0003104
0.0002742
0.0002488
0.0002886
0.0003752
0.0003202
0.0003317
0.0003309
0.0002566
0.0002866
0.0002742
0.0003157
0.0002894
0.0002976
0.0002734
0.0003063
0.0002730
0.0001605
0.0002993
0.0002701
0.0002517
0.0003079
0.0003202
0.0002993
0.0003284
0.0003030
0.0002985
0.0002558
0.0003034
0.0003161
0.0003059
0.0002726
0.0002948
0.0002816
0.0003145
0.0002742
0.0001531
0.0003030
0.0002484
0.0002829
0.0002886
0.0003510
0.0002940
0.0002513
0.0003013
0.0003547
0.0002726
0.0002816
0.0002993
0.0003256
0.0003161
0.0003379
0.0003169
0.0003354
0.0002697
0.0002595
0.0002784
0.0002903
0.0002919
0.0003145
0.0003223
0.0003239
0.0002816
0.0002907
0.0003966
0.0003642
0.0002722
0.0003128
0.0002414
0.0003013
0.0002574
0.0001129
0.0002644
0.0002898
0.0002800
0.0002393
0.0002513
0.0002303
0.0002500
0.0002537
0.0002742
0.0002738
0.0002697
0.0002595
0.0001696
0.0002820
0.0002508
0.0002878
0.0002747
0.0002196
0.0002537
0.0002763
0.0002964
0.0002792
0.0001655
0.0002812
0.0002948
0.0003075
0.0002566
0.0002677
0.0002435
0.0002295
0.0001622
0.0002467
0.0002722
0.0003272
0.0003042
0.0002562
0.0002931
0.0002985
0.0003178
0.0002866
0.0002935
0.0002619
0.0002870
0.0001745
0.0003227
0.0003202
0.0002463
0.0003243
0.0002738
0.0002451
0.0002357
0.0002677
0.0001540
0.0002628
0.0003383
0.0002849
0.0002796
0.0002866
0.0002882
0.0002574
0.0002796
0.0003075
0.0002430
0.0003313
0.0002730
0.0003063
0.0002365
0.0003334
0.0003330
0.0003206
0.0003465
0.0002480
0.0002508
0.0002714
0.0002541
0.0002935
0.0001819
0.0002911
0.0002476
0.0003161
0.0002652
0.0002862
0.0002500
0.0003243
0.0003100
0.0002689
0.0002352
0.0002849
0.0002373
0.0001761
0.0002931
0.0003169
0.0002706
0.0003059
0.0002574
0.0002299
0.0003059
0.0003284
0.0001412
0.0002640
0.0002467
0.0002738
0.0002562
0.0002504
0.0002940
0.0002500
0.0002775
0.0002529
0.0002619
0.0003071
0.0002718
0.0003009
0.0002726
0.0002447
0.0002270
0.0002976
0.0003305
0.0003309
0.0002685
0.0002439
0.0002697
0.0002771
0.0003022
0.0001938
0.0003059
0.0002632
0.0002402
0.0002439
0.0003034
0.0002833
0.0002562
0.0002742
0.0002640
0.0002677
0.0002812
0.0002632
0.0002898
0.0003408
0.0003757
0.0002898
0.0002533
0.0002451
0.0002504
0.0002718
0.0002911
0.0002853
0.0002931
0.0003182
0.0002907
0.0002640
0.0002722
0.0002915
0.0002508
0.0002792
0.0002697
0.0002898
0.0002775
0.0003026
0.0002792
0.0003412
0.0003157
0.0002710
0.0003354
0.0003042
0.0002808
0.0002628
0.0001712
0.0002985
0.0002919
0.0002796
0.0002669
0.0002866
0.0003030
0.0003079
0.0003034
0.0002874
0.0002898
0.0003001
0.0002866
0.0003067
0.0003059
0.0002467
0.0002562
0.0002566
0.0003124
0.0002960
0.0001585
0.0003264
0.0003104
0.0002927
0.0003063
0.0003165
0.0002898
0.0002627
0.0002825
0.0002853
0.0002952
0.0002898
0.0002788
0.0003009
0.0002673
0.0002997
0.0001921
0.0003083
0.0002562
0.0003408
0.0001872
0.0002972
0.0002837
0.0003137
0.0003128
0.0002898
0.0003067
0.0002964
0.0002586
0.0002808
0.0002837
0.0003050
0.0002640
0.0002710
0.0002664
0.0002931
0.0003371
0.0003395
0.0004270
0.0003235
0.0003494
0.0003190
0.0003440
0.0003580
0.0002615
0.0003190
0.0002874
0.0003346
0.0004545
0.0003789
0.0003773
0.0003871
0.0003157
0.0003293
0.0003350
0.0003227
0.0002866
0.0003568
0.0003165
0.0003178
0.0003633
0.0003358
0.0003182
0.0003613
0.0002911
0.0003026
0.0003379
0.0003194
0.0003703
0.0003293
0.0003161
0.0003128
0.0003132
0.0003391
0.0002915
0.0002784
0.0003527
0.0003186
0.0003477
0.0002960
0.0003465
0.0003835
0.0003087
0.0003034
0.0003321
0.0003252
0.0003063
0.0003215
0.0003050
0.0001490
0.0003514
0.0003305
0.0002960
0.0003079
0.0003202
0.0003137
0.0003005
0.0007365
0.0003531
0.0002878
0.0003116
0.0003038
0.0003239
0.0003761
0.0002804
0.0003284
0.0005916
0.0002751
0.0003120
0.0003202
0.0003034
0.0002812
0.0002878
0.0003765
0.0003104
0.0003042
0.0003009
0.0002829
0.0003387
0.0002919
0.0003042
0.0003436
0.0002771
0.0002952
0.0003087
0.0003124
0.0002521
0.0003042
0.0003001
0.0002853
0.0003806
0.0003038
0.0003030
0.0003071
0.0003009
0.0002800
0.0003050
0.0003120
0.0002595
0.0003063
0.0002956
0.0002681
0.0002644
0.0002857
0.0003436
0.0002972
0.0003087
0.0002972
0.0002607
0.0003297
0.0003506
0.0003087
0.0003252
0.0003235
0.0002660
0.0002697
0.0003354
0.0003022
0.0003096
0.0002660
0.0003182
0.0003157
0.0002771
0.0002599
0.0002857
0.0003424
0.0002976
0.0002948
0.0002755
0.0002993
0.0003165
0.0003042
0.0003276
0.0003383
0.0003018
0.0001334
0.0003543
0.0003223
0.0002759
0.0002759
0.0002935
0.0003050
0.0003559
0.0002792
0.0002952
0.0002706
0.0002820
0.0003252
0.0003239
0.0002862
0.0002886
0.0003132
0.0003252
0.0003247
0.0003013
0.0003005
0.0002841
0.0002894
0.0003457
0.0003432
0.0002956
0.0003334
0.0003009
0.0003646
0.0002628
0.0003165
0.0002775
0.0003124
0.0003161
0.0003325
0.0002903
0.0003330
0.0005181
0.0003366
0.0002796
0.0002853
0.0003309
0.0002866
0.0003202
0.0003334
0.0003087
0.0003252
0.0003038
0.0003091
0.0003022
0.0003284
0.0003297
0.0003284
0.0003034
0.0003001
0.0002972
0.0003321
0.0003165
0.0003165
0.0003555
0.0003338
0.0002993
0.0002759
0.0003235
0.0003174
0.0003338
0.0003954
0.0003506
0.0003178
0.0002775
0.0003145
0.0002911
0.0003674
0.0003403
0.0003293
0.0003325
0.0002874
0.0003309
0.0003469
0.0003904
0.0002911
0.0001864
0.0003420
0.0003892
0.0003280
0.0001314
0.0003806
0.0003046
0.0003038
0.0003633
0.0002324
0.0003477
0.0001921
0.0003633
0.0003440
0.0003453
0.0003293
0.0003124
0.0003206
0.0002960
0.0002767
0.0003408
0.0003658
0.0003174
0.0005588
0.0004319
0.0003350
0.0002997
0.0002993
0.0003601
0.0003071
0.0003050
0.0003502
0.0003551
0.0002919
0.0003001
0.0003153
0.0003186
0.0002874
0.0001314
0.0004069
0.0003683
0.0002911
0.0003112
0.0003149
0.0003625
0.0003670
0.0002989
0.0003013
0.0003001
0.0003736
0.0003297
0.0003449
0.0003210
0.0004147
0.0003572
0.0003588
0.0003609
0.0003921
0.0003075
0.0004463
0.0003112
0.0003112
0.0003904
0.0004114
0.0004253
0.0003182
0.0003785
0.0003494
0.0003371
0.0004015
0.0003424
0.0003272
0.0003699
0.0003091
0.0003970
0.0003531
0.0003100
0.0003633
0.0002209
0.0003646
0.0003724
0.0002209
0.0004126
0.0003683
0.0003383
0.0003042
0.0003358
0.0003268
0.0003522
0.0003330
0.0003330
0.0003765
0.0003921
0.0003145
0.0003469
0.0003264
0.0003235
0.0003481
0.0003835
0.0003584
0.0003527
0.0003793
0.0004032
0.0004459
0.0004266
0.0003843
0.0005165
0.0004200
0.0003387
0.0003399
0.0003839
0.0003083
0.0003383
0.0003457
0.0003621
0.0003469
0.0003436
0.0001712
0.0004126
0.0003165
0.0003662
0.0003342
0.0003662
0.0003469
0.0003777
0.0003182
0.0004134
0.0003527
0.0003592
0.0003428
0.0003256
0.0001507
0.0004093
0.0003297
0.0004089
0.0003284
0.0004179
0.0003313
0.0001425
0.0003748
0.0003420
0.0003387
0.0003440
0.0004200
0.0003272
0.0003481
0.0003202
0.0003527
0.0003539
0.0003588
0.0003564
0.0003354
0.0007033
0.0002057
0.0004163
0.0003334
0.0003974
0.0002976
0.0003284
0.0003572
0.0003974
0.0003551
0.0003609
0.0003169
0.0003913
0.0003157
0.0003395
0.0003711
0.0003473
0.0002110
0.0004007
0.0003375
0.0003375
0.0003473
0.0003547
0.0003399
0.0003256
0.0003440
0.0002997
0.0003194
0.0003617
0.0003440
0.0003354
0.0003769
0.0003449
0.0003362
0.0001901
0.0004463
0.0003703
0.0003161
0.0003773
0.0003908
0.0004060
0.0003412
0.0003067
0.0003104
0.0003206
0.0004335
0.0003391
0.0004163
0.0003654
0.0003518
0.0003395
0.0003494
0.0003161
0.0003264
0.0003650
0.0003633
0.0003268
0.0002065
0.0003851
0.0003625
0.0003913
0.0003399
0.0003752
0.0003264
0.0003674
0.0003720
0.0003436
0.0003592
0.0003547
0.0002898
0.0003527
0.0001646
0.0004167
0.0001712
0.0004208
0.0003235
