0.1233221
0.0059661
0.0021689
0.0029826
0.0029711
0.0080389
0.0046084
0.0015523
0.0013803
0.0014751
0.0014316
0.0012776
0.0013154
0.0014439
0.0014874
0.0018171
0.0015777
0.0016775
0.0014862
0.0013692
0.0020626
0.0015092
0.0014599
0.0019308
0.0017161
0.0021049
0.0015047
0.0025930
0.0014295
0.0020133
0.0018495
0.0015375
0.0023065
0.0022083
0.0021332
0.0018019
0.0024715
0.0017169
0.0015827
0.0015744
0.0015843
0.0017214
0.0016828
0.0016278
0.0042549
0.0017206
0.0021188
0.0019033
0.0008182
0.0011573
0.0039807
0.0017596
0.0033016
0.0030064
0.0020113
0.0024267
0.0020667
0.0020129
0.0023044
0.0036736
0.0021480
0.0018885
0.0041588
0.0027035
0.0016122
0.0018089
0.0137369
0.0036498
0.0021603
0.0012936
0.0018889
0.0022769
0.0017703
0.0006778
0.0159148
0.0039967
0.0004709
0.0011138
0.0018828
0.0017153
0.0020187
0.0035865
0.0021652
0.0013047
0.0012867
0.0014262
0.0026172
0.0017937
0.0014061
0.0027289
0.0016529
0.0015740
0.0015831
0.0016951
0.0014747
0.0013712
0.0014168
0.0029268
0.0012132
0.0013856
0.0021353
0.0016873
0.0017855
0.0015905
0.0044183
0.0018421
0.0011216
0.0015371
0.0011972
0.0013548
0.0012091
0.0017025
0.0017830
0.0008745
0.0024325
0.0012895
0.0012394
0.0017411
0.0006967
0.0009623
0.0013425
0.0014927
0.0017814
0.0013400
0.0014952
0.0014423
0.0018914
0.0033369
0.0011192
0.0015552
0.0015781
0.0015950
0.0013064
0.0014238
0.0011885
0.0009414
0.0012945
0.0033681
0.0022617
0.0011668
0.0008695
0.0007480
0.0011495
0.0010921
0.0024838
0.0015962
0.0008765
0.0012739
0.0011356
0.0011011
0.0015338
0.0010810
0.0014332
0.0011639
0.0010999
0.0009964
0.0008736
0.0012940
0.0014115
0.0013700
0.0011319
0.0011824
0.0009820
0.0010190
0.0010227
0.0009529
0.0008917
0.0008983
0.0009808
0.0009377
0.0011007
0.0010596
0.0012464
0.0009968
0.0009467
0.0009636
0.0009537
0.0010407
0.0010986
0.0009553
0.0010358
0.0007788
0.0008039
0.0005485
0.0008929
0.0010715
0.0013733
0.0004274
0.0008071
0.0009529
0.0010198
0.0009135
0.0008429
0.0010350
0.0009496
0.0009898
0.0009373
0.0007542
0.0009040
0.0008129
0.0009324
0.0008880
0.0008724
0.0009722
0.0010190
0.0008153
0.0010986
0.0010321
0.0009607
0.0009270
0.0011114
0.0009365
0.0013445
0.0022732
0.0008979
0.0008589
0.0012973
0.0010165
0.0007796
0.0010514
0.0010329
0.0009915
0.0008901
0.0006914
0.0009845
0.0017510
0.0009911
0.0008880
0.0007328
0.0007542
0.0012230
0.0010329
0.0010387
0.0011122
0.0008318
0.0009734
0.0006992
0.0010543
0.0010030
0.0007361
0.0007271
0.0009533
0.0011294
0.0008190
0.0010945
0.0013532
0.0008067
0.0007061
0.0007854
0.0006072
0.0009824
0.0008876
0.0008724
0.0010387
0.0008560
0.0009746
0.0008309
0.0006142
0.0005707
0.0006807
0.0009348
0.0006992
0.0008560
0.0008244
0.0008765
0.0007447
0.0008864
0.0006129
0.0007090
0.0007579
0.0009952
0.0006076
0.0011512
0.0008178
0.0006343
0.0007768
0.0006873
0.0007825
0.0007731
0.0007238
0.0005793
0.0006019
0.0007776
0.0009209
0.0006359
0.0003009
0.0005941
0.0005690
0.0006093
0.0006733
0.0005785
0.0007648
0.0005826
0.0005965
0.0008396
0.0017711
0.0007558
0.0005427
0.0007464
0.0005000
0.0005354
0.0005563
0.0015186
0.0007131
0.0009952
0.0003354
0.0004590
0.0006491
0.0009504
0.0006663
0.0006647
0.0005871
0.0006400
0.0006388
0.0005891
0.0006626
0.0007965
0.0007156
0.0007899
0.0005083
0.0006614
0.0004992
0.0008010
0.0010021
0.0006068
0.0006745
0.0005859
0.0005727
0.0005932
0.0005600
0.0006351
0.0007098
0.0005341
0.0006671
0.0006618
0.0006848
0.0008067
0.0006749
0.0005497
0.0006503
0.0006610
0.0004110
0.0003449
0.0005000
0.0005505
0.0006877
0.0006992
0.0004935
0.0006901
0.0007386
0.0006056
0.0010867
0.0007291
0.0006109
0.0006569
0.0005887
0.0006795
0.0009295
0.0005267
0.0004397
0.0006290
0.0015252
0.0005510
0.0003432
0.0009615
0.0010596
0.0010514
0.0003978
0.0006774
0.0005091
0.0011393
0.0009172
0.0006072
0.0006819
0.0005653
0.0007004
0.0006914
0.0006314
0.0005900
0.0007874
0.0007369
0.0005957
0.0005994
0.0006836
0.0003038
0.0007932
0.0005189
0.0005538
0.0007037
0.0006905
0.0005341
0.0006996
0.0008240
0.0006015
0.0006113
0.0006306
0.0006864
0.0005341
0.0005986
0.0005961
0.0006043
0.0006162
0.0006942
0.0005009
0.0008671
0.0006840
0.0007837
0.0005460
0.0004565
0.0007131
0.0005744
0.0006273
0.0006795
0.0007283
0.0008178
0.0005703
0.0005156
0.0006281
0.0007406
0.0004561
0.0005600
0.0005185
0.0005748
0.0006946
0.0005542
0.0006413
0.0006450
0.0004964
0.0004902
0.0005148
0.0009948
0.0006166
0.0006125
0.0005649
0.0004775
0.0005370
0.0005374
0.0002751
0.0008420
0.0006885
0.0005083
0.0005156
0.0006249
0.0004032
0.0003613
0.0005542
0.0004220
0.0006721
0.0003543
0.0006774
0.0004508
0.0004980
0.0003215
0.0004828
0.0004426
0.0003974
0.0006384
0.0008983
0.0006569
0.0005920
0.0003781
0.0007394
0.0005739
0.0005731
0.0005083
0.0004984
0.0006524
0.0004844
0.0004475
0.0006811
0.0006519
0.0005247
0.0005304
0.0005522
0.0003518
0.0001938
0.0005111
0.0006454
0.0007008
0.0004902
0.0004959
0.0005518
0.0005354
0.0002931
0.0003613
0.0007217
0.0005666
0.0004487
0.0005407
0.0004972
0.0008326
0.0006310
0.0005678
0.0004701
0.0004890
0.0004467
0.0004660
0.0002656
0.0004516
0.0007201
0.0004664
0.0004660
0.0005107
0.0007024
0.0005009
0.0005054
0.0015547
0.0008461
0.0004069
0.0009381
0.0004820
0.0004832
0.0005107
0.0004697
0.0005300
0.0005095
0.0003670
0.0005411
0.0004959
0.0005132
0.0005694
0.0009496
0.0003383
0.0004064
0.0005473
0.0008527
0.0006926
0.0004138
0.0004844
0.0005785
0.0006109
0.0007735
0.0004943
0.0003687
0.0004368
0.0003752
0.0004487
0.0007427
0.0004647
0.0015276
0.0006084
0.0006503
0.0004188
0.0004413
0.0005140
0.0004582
0.0004512
0.0003986
0.0004836
0.0003978
0.0005489
0.0005924
0.0005390
0.0004886
0.0001499
0.0005830
0.0005349
0.0008264
0.0005797
0.0004335
0.0006224
0.0005715
0.0006569
0.0004734
0.0005538
0.0005698
0.0005530
0.0006458
0.0004660
0.0005103
0.0005074
0.0005156
0.0004163
0.0003933
0.0004943
0.0005148
0.0005267
0.0004578
0.0007665
0.0005859
0.0004434
0.0004606
0.0003830
0.0005510
0.0003288
0.0004775
0.0006864
0.0008851
0.0004931
0.0006088
0.0006519
0.0003793
0.0003654
0.0004487
0.0005949
0.0004524
0.0003818
0.0009750
0.0004590
0.0004537
0.0005128
0.0007887
0.0005382
0.0004200
0.0004766
0.0004381
0.0004147
0.0004828
0.0003769
0.0003666
0.0004294
0.0003896
0.0003461
0.0004738
0.0003477
0.0003568
0.0004524
0.0005013
0.0004286
0.0004680
0.0003403
0.0004828
0.0002340
0.0005017
0.0002270
0.0005140
0.0004077
0.0005579
0.0005600
0.0004725
0.0004454
0.0007595
0.0005152
0.0004508
0.0008654
0.0004274
0.0004381
0.0003855
0.0009570
0.0010251
0.0004303
0.0003083
0.0007850
0.0004475
0.0003748
0.0003839
0.0005329
0.0003568
0.0003855
0.0002389
0.0004015
0.0005982
0.0004947
0.0005070
0.0006799
0.0005961
0.0003009
0.0004138
0.0003949
0.0004684
0.0005953
0.0003941
0.0004052
0.0003925
0.0004290
0.0005276
0.0003863
0.0004179
0.0004844
0.0004069
0.0005083
0.0003457
0.0011967
0.0003153
0.0003461
0.0003609
0.0002607
0.0002894
0.0003851
0.0004155
0.0004105
0.0003420
0.0003826
0.0004270
0.0004557
0.0006914
0.0003830
0.0003679
0.0004417
0.0003157
0.0004639
0.0007090
0.0003346
0.0002784
0.0001498
0.0001568
0.0004791
0.0005140
0.0004233
0.0003654
0.0003198
0.0003896
0.0004188
0.0005809
0.0004520
0.0004233
0.0003666
0.0003358
0.0007127
0.0005686
0.0005990
0.0003773
0.0008248
0.0003822
0.0004097
0.0003744
0.0004426
0.0003814
0.0003523
0.0005781
0.0003087
0.0004167
0.0003867
0.0010990
0.0008827
0.0002586
0.0003079
0.0005362
0.0004036
0.0007936
0.0003888
0.0003843
0.0004249
0.0004598
0.0003892
0.0005329
0.0003518
0.0003256
0.0004052
0.0003814
0.0004578
0.0004606
0.0003555
0.0004491
0.0003711
0.0005588
0.0004598
0.0007119
0.0002747
0.0004290
0.0003260
0.0004422
0.0004188
0.0003247
0.0003178
0.0004389
0.0003822
0.0002845
0.0004795
0.0003843
0.0004040
0.0003789
0.0004512
0.0003991
0.0004783
0.0004935
0.0005181
0.0002833
0.0004282
0.0004183
0.0003469
0.0003231
0.0005723
0.0004097
0.0003904
0.0003773
0.0003026
0.0004537
0.0003855
0.0003412
0.0003354
0.0003814
0.0004504
0.0003523
0.0004147
0.0002829
0.0002812
0.0003761
0.0005066
0.0002135
0.0004163
0.0006864
0.0004122
0.0004668
0.0004249
0.0003288
0.0003670
0.0004828
0.0006647
0.0003580
0.0003674
0.0004746
0.0003420
0.0002582
0.0004775
0.0005083
0.0004385
0.0003835
0.0004401
0.0004212
0.0004799
0.0003707
0.0003243
0.0003034
0.0002886
0.0002176
0.0003769
0.0005087
0.0003403
0.0002652
0.0003629
0.0003026
0.0002578
0.0003366
0.0004130
0.0006359
0.0003243
0.0005382
0.0004081
0.0005017
0.0004003
0.0003009
0.0003174
0.0002636
0.0005768
0.0003387
0.0001934
0.0003518
0.0002804
0.0002381
0.0003280
0.0003128
0.0003543
0.0006441
0.0002964
0.0003350
0.0003535
0.0003108
0.0002418
0.0002320
0.0002295
0.0001293
0.0001741
0.0001946
0.0002599
0.0004959
0.0002751
0.0003506
0.0002644
0.0002660
0.0002788
0.0003087
0.0002279
0.0002517
0.0002722
0.0003555
0.0002993
0.0002369
0.0003839
0.0002045
0.0002008
0.0003100
0.0003219
0.0002578
0.0002792
0.0001667
0.0002763
0.0002833
0.0002755
0.0001995
0.0003658
0.0009131
0.0003555
0.0003268
0.0001930
0.0002747
0.0003268
0.0001905
0.0002270
0.0002533
0.0002878
0.0002508
0.0002664
0.0002997
0.0002295
0.0003621
0.0003194
0.0004130
0.0001782
0.0002841
0.0003765
0.0002681
0.0002049
0.0004015
0.0001737
0.0002898
0.0002324
0.0002677
0.0005074
0.0002032
0.0007505
0.0001560
0.0004114
0.0003473
0.0002443
0.0002685
0.0004360
0.0001453
0.0003666
0.0002008
0.0004327
0.0001860
0.0004282
0.0001515
0.0002250
0.0002389
0.0003227
0.0003083
0.0002073
0.0002738
0.0002570
0.0002484
0.0002541
0.0003030
0.0002685
0.0003412
0.0002784
0.0003018
0.0001909
0.0002430
0.0002254
0.0001273
0.0002213
0.0002455
0.0002393
0.0003416
0.0001626
0.0002003
0.0002755
0.0003884
0.0002196
0.0002414
0.0002246
0.0002320
0.0002611
0.0002545
0.0002701
0.0002714
0.0002849
0.0002738
0.0002496
0.0002779
0.0002771
0.0002266
0.0002003
0.0003100
0.0002393
0.0002903
0.0003699
0.0003223
0.0002237
0.0002496
0.0003038
0.0002931
0.0002402
0.0002562
0.0001548
0.0003395
0.0002738
0.0001663
0.0002233
0.0002270
0.0003256
0.0001577
0.0003613
0.0003071
0.0005546
0.0001618
0.0002205
0.0003802
0.0003120
0.0002771
0.0003026
0.0003814
0.0002648
0.0003194
0.0003650
0.0003137
0.0003547
0.0003334
0.0001474
0.0002972
0.0001782
0.0002981
0.0002586
0.0002652
0.0002697
0.0003403
0.0002968
0.0002619
0.0004298
0.0004606
0.0003752
0.0002927
0.0002414
0.0002742
0.0003108
0.0002591
0.0002976
0.0002677
0.0002808
0.0002972
0.0002492
0.0001979
0.0002997
0.0002135
0.0002205
0.0002283
0.0002430
0.0003128
0.0003083
0.0002853
0.0001351
0.0002952
0.0003165
0.0002303
0.0003330
0.0002209
0.0002636
0.0002845
0.0002065
0.0003551
0.0002623
0.0002738
0.0002385
0.0002176
0.0002217
0.0002755
0.0002201
0.0002430
0.0002886
0.0002533
0.0002874
0.0002701
0.0002870
0.0002915
0.0002012
0.0002451
0.0003732
0.0002131
0.0002279
0.0002463
0.0002570
0.0002488
0.0002882
0.0002422
0.0002833
0.0002554
0.0002521
0.0002874
0.0002722
0.0003005
0.0002381
0.0002332
0.0002439
0.0002426
0.0002763
0.0003050
0.0001950
0.0003284
0.0001950
0.0003999
0.0003075
0.0002599
0.0002196
0.0002845
0.0003330
0.0002681
0.0002472
0.0002591
0.0002866
0.0002697
0.0002808
0.0002669
0.0002020
0.0002800
0.0002254
0.0002352
0.0003531
0.0003149
0.0002697
0.0002176
0.0002981
0.0002357
0.0003096
0.0005239
0.0003362
0.0003650
0.0001724
0.0003219
0.0003018
0.0002730
0.0003859
0.0002574
0.0003284
0.0002287
0.0002550
0.0002866
0.0002476
0.0002911
0.0003740
0.0002660
0.0002685
0.0003350
0.0003338
0.0004438
0.0002254
0.0003403
0.0003009
0.0002771
0.0002804
0.0002402
0.0002960
0.0003247
0.0003395
0.0003371
0.0002882
0.0004323
0.0003695
0.0002603
0.0002718
0.0002714
0.0002447
0.0002677
0.0003132
0.0002451
0.0002426
0.0002894
0.0003001
0.0002435
0.0002406
0.0002459
0.0002443
0.0002069
0.0002147
0.0002636
0.0002237
0.0002476
0.0003022
0.0002496
0.0002242
0.0002779
0.0003305
0.0002476
0.0002574
0.0002344
0.0002701
0.0002689
0.0003161
0.0002554
0.0003416
0.0002180
0.0001798
0.0001285
0.0002866
0.0003481
0.0002484
0.0002825
0.0002336
0.0002714
0.0002611
0.0002615
0.0002697
0.0003235
0.0002348
0.0002028
0.0002365
0.0002274
0.0002628
0.0002870
0.0002471
0.0002903
0.0002320
0.0002812
0.0002414
0.0002045
0.0002459
0.0002426
0.0002274
0.0002385
0.0002890
0.0002176
0.0002205
0.0003317
0.0002894
0.0002566
0.0002734
0.0002669
0.0002533
0.0002599
0.0002722
0.0002554
0.0003169
0.0002779
0.0003071
0.0002677
0.0003765
0.0002697
0.0001642
0.0002246
0.0002767
0.0002632
0.0003317
0.0002508
0.0002262
0.0003210
0.0002664
0.0002406
0.0002927
0.0002147
0.0002722
0.0002591
0.0002439
0.0003781
0.0002246
0.0003005
0.0003112
0.0002570
0.0001593
0.0003724
0.0002586
0.0002324
0.0001129
0.0002463
0.0002558
0.0002168
0.0002738
0.0002521
0.0002611
0.0002566
0.0002192
0.0002348
0.0002685
0.0001847
0.0002948
0.0003522
0.0002036
0.0002738
0.0001991
0.0002747
0.0002381
0.0002767
0.0002426
0.0002012
0.0002566
0.0001802
0.0002196
0.0003083
0.0002398
0.0002279
0.0002894
0.0002845
0.0002279
0.0002410
0.0002599
0.0002447
0.0002332
0.0003982
0.0002673
0.0003005
0.0003243
0.0002800
0.0003206
0.0002402
0.0002812
0.0002439
0.0002853
0.0003280
0.0002373
0.0002377
0.0002611
0.0003210
0.0003054
0.0002291
0.0002726
0.0002886
0.0003408
0.0002874
0.0002997
0.0003206
0.0002369
0.0002759
0.0002348
0.0002660
0.0002820
0.0003145
0.0003444
0.0002603
0.0003075
0.0002903
0.0004849
0.0002541
0.0002878
0.0002233
0.0002591
0.0002903
0.0002652
0.0002890
0.0002812
0.0003227
0.0004446
0.0001839
0.0003288
0.0002652
0.0002997
0.0002389
0.0002681
0.0002677
0.0002266
0.0002414
0.0003461
0.0002677
0.0003338
0.0002435
0.0006314
0.0002611
0.0003481
0.0003338
0.0003683
0.0002003
0.0002689
0.0002209
0.0002796
0.0002845
0.0002549
0.0002554
0.0003309
0.0002923
0.0002529
0.0004964
0.0003120
0.0002784
0.0003038
0.0003091
0.0002660
0.0002611
0.0002291
0.0002660
0.0002648
0.0002365
0.0002660
0.0002205
0.0002628
0.0002558
0.0002972
0.0001843
0.0007800
0.0001248
0.0002689
0.0002886
0.0002923
0.0002956
0.0001453
0.0001084
0.0001010
0.0001076
0.0001338
0.0000940
0.0000887
0.0001125
0.0000973
0.0000989
0.0001030
0.0000936
0.0000809
0.0000920
0.0001958
0.0001092
0.0001384
0.0000957
0.0000977
0.0000916
0.0000924
0.0001002
0.0001043
0.0000821
0.0000838
0.0000838
0.0001137
0.0000916
0.0001289
0.0000952
0.0000948
0.0000936
0.0000792
0.0000788
0.0001552
0.0001191
0.0000870
0.0000829
0.0000842
0.0000792
0.0000883
0.0000940
0.0000903
0.0001794
0.0000739
0.0000747
0.0001100
0.0000829
0.0000751
0.0000842
0.0000768
0.0000854
0.0000891
0.0000858
0.0000821
0.0000903
0.0001416
0.0001470
0.0001002
0.0000838
0.0000891
0.0000907
0.0000911
0.0000903
0.0000829
0.0000870
0.0000952
0.0001022
0.0000874
0.0011898
0.0003362
0.0002779
0.0003334
0.0002648
0.0002352
0.0001938
0.0002410
0.0001999
0.0002057
0.0001868
0.0001700
0.0002340
0.0071205
0.0001704
0.0002615
0.0002188
0.0003083
0.0000936
0.0001035
0.0000989
0.0000751
0.0000998
0.0000977
0.0001010
0.0000940
0.0001043
0.0000994
0.0000731
0.0001002
0.0000895
0.0000817
0.0001014
0.0000994
0.0001051
0.0000879
0.0000891
0.0000809
0.0000948
0.0000928
0.0000944
0.0000866
0.0000862
0.0000846
0.0000850
0.0000887
0.0001035
0.0000957
0.0000952
0.0000866
0.0000957
0.0000821
0.0000911
0.0001030
0.0001022
0.0001022
0.0000952
0.0000989
0.0000858
0.0000940
0.0000858
0.0001014
0.0000874
0.0000981
0.0000813
0.0000977
0.0000899
0.0000813
0.0001117
0.0001039
0.0001014
0.0001162
0.0000907
0.0000936
0.0000961
0.0001790
0.0000801
0.0000965
0.0000973
0.0001174
0.0001084
0.0000895
0.0001195
0.0001466
0.0001273
0.0000948
0.0000866
0.0001084
0.0001646
0.0236779
0.0002217
0.0002931
0.0002139
0.0000891
0.0001581
0.0001330
0.0000883
0.0002209
0.0002139
0.0003050
0.0002385
0.0002340
0.0003206
0.0002907
0.0002143
0.0002788
0.0002697
0.0002775
0.0003436
0.0003145
0.0002935
0.0002656
0.0003104
0.0003465
0.0002841
0.0002886
0.0002299
0.0002607
0.0002993
0.0001999
0.0002742
0.0002016
0.0002673
0.0003252
0.0002369
0.0002365
0.0002870
0.0003132
0.0002784
0.0003071
0.0003169
0.0002935
0.0003416
0.0003789
0.0002537
0.0003001
0.0001819
0.0003096
0.0002771
0.0002422
0.0002513
0.0001958
0.0003009
0.0003120
0.0002935
0.0002398
0.0002430
0.0002763
0.0003165
0.0002784
0.0002377
0.0003301
0.0002804
0.0003079
0.0003260
0.0002517
0.0002706
0.0002036
0.0002521
0.0003087
0.0002603
0.0002726
0.0003174
0.0003215
0.0002628
0.0003383
0.0002870
0.0003227
0.0001872
0.0002393
0.0002077
0.0002751
0.0002521
0.0002389
0.0007673
0.0004093
0.0003826
0.0003802
0.0002734
0.0002266
0.0002927
0.0002923
0.0003145
0.0002328
0.0003863
0.0003206
0.0002484
0.0002307
0.0002710
0.0002246
0.0003206
0.0002669
0.0008728
0.0004750
0.0004007
0.0003243
0.0002336
0.0002032
0.0003067
0.0002430
0.0005822
0.0001490
0.0002628
0.0002660
0.0002874
0.0002603
0.0002402
0.0001806
0.0002521
0.0003059
0.0002981
0.0002385
0.0002373
0.0002463
0.0002315
0.0002377
0.0002796
0.0001839
0.0002931
0.0003366
0.0002948
0.0003481
0.0003416
0.0002443
0.0003137
0.0003572
0.0003198
0.0002529
0.0002829
0.0002435
0.0002266
0.0003079
0.0002874
0.0003568
0.0002870
0.0002279
0.0001987
0.0002611
0.0001897
0.0003104
0.0002833
0.0002320
0.0001897
0.0003379
0.0003371
0.0002451
0.0002192
0.0002747
0.0002751
0.0003018
0.0001925
0.0003182
0.0002270
0.0002225
0.0002467
0.0002697
0.0002402
0.0003087
0.0002570
0.0002266
0.0003141
0.0002513
0.0002915
0.0002862
0.0002751
0.0002890
0.0002972
0.0003231
0.0002106
0.0002779
0.0001987
0.0002722
0.0001958
0.0002065
0.0002771
0.0003059
0.0001967
0.0002738
0.0003239
0.0002710
0.0002652
0.0002471
0.0003592
0.0002517
0.0002903
0.0002447
0.0002948
0.0002164
0.0003436
0.0002562
0.0002504
0.0002660
0.0002287
0.0002422
0.0002496
0.0002303
0.0002927
0.0002398
0.0002619
0.0002299
0.0003038
0.0002332
0.0002792
0.0002332
0.0002566
0.0002948
0.0001659
0.0002870
0.0003288
0.0003469
0.0002894
0.0002722
0.0002742
0.0002993
0.0002706
0.0002940
0.0003642
0.0002369
0.0002504
0.0002722
0.0002574
0.0003087
0.0002217
0.0002094
0.0002771
0.0002681
0.0003022
0.0002221
0.0002591
0.0003215
0.0003276
0.0003297
0.0002673
0.0003137
0.0002701
0.0003145
0.0002771
0.0003227
0.0002361
0.0002792
0.0002591
0.0003288
0.0002697
0.0003276
0.0002311
0.0003268
0.0003054
0.0002981
0.0003518
0.0003128
0.0002747
0.0003022
0.0002656
0.0001995
0.0002418
0.0002324
0.0002816
0.0002114
0.0002299
0.0002829
0.0003798
0.0002525
0.0002820
0.0002607
0.0002229
0.0003707
0.0002981
0.0002164
0.0003637
0.0002328
0.0002430
0.0002484
0.0003190
0.0002410
0.0002586
0.0003720
0.0002981
0.0002660
0.0002784
0.0002554
0.0002418
0.0003284
0.0002640
0.0003584
0.0003703
0.0002874
0.0002484
0.0003009
0.0002911
0.0003379
0.0003715
0.0003235
0.0002123
0.0002574
0.0003079
0.0003169
0.0002135
0.0004056
0.0002065
0.0003342
0.0002480
0.0002250
0.0003100
0.0003945
0.0002759
0.0002853
0.0003436
0.0002558
0.0004783
0.0003453
0.0003391
0.0002664
0.0002521
0.0002578
0.0003502
0.0002591
0.0002874
0.0002443
0.0002225
0.0002402
0.0002833
0.0003354
0.0003247
0.0001856
0.0003978
0.0002640
0.0002697
0.0002492
0.0002669
0.0003929
0.0002960
0.0003658
0.0001794
0.0002755
0.0002439
0.0003165
0.0002669
0.0002664
0.0002903
0.0003465
0.0002784
0.0003366
0.0003063
0.0003399
0.0003543
0.0003227
0.0001728
0.0003785
0.0002677
0.0003330
0.0002320
0.0002775
0.0003531
0.0003371
0.0003679
0.0003428
0.0003239
0.0003132
0.0003247
0.0002948
0.0002726
0.0002603
0.0002279
0.0002451
0.0002619
0.0002837
0.0002997
0.0002660
0.0003042
0.0002320
0.0002763
0.0002931
0.0005427
0.0002853
0.0004216
0.0002898
0.0003009
0.0002894
0.0002800
0.0002722
0.0002217
0.0003149
0.0002418
0.0003210
0.0002517
0.0002582
0.0002176
0.0003321
0.0002792
0.0003009
0.0002726
0.0002935
0.0003054
0.0002874
0.0002706
0.0002611
0.0002788
0.0002270
0.0002833
0.0002829
0.0002989
0.0002476
0.0003408
0.0002398
0.0002533
0.0002135
0.0005436
0.0004163
0.0002500
0.0003087
0.0002377
0.0002184
0.0002463
0.0002258
0.0002480
0.0002615
0.0002632
0.0002500
0.0003083
0.0002710
0.0003231
0.0002767
0.0003001
0.0002931
0.0002496
0.0002734
0.0002775
0.0002237
0.0002710
0.0002997
0.0002480
0.0002882
0.0002788
0.0001930
0.0002882
0.0002229
0.0002229
0.0002771
0.0002948
0.0002911
0.0003034
0.0003038
0.0002779
0.0002274
0.0003071
0.0002488
0.0003202
0.0002714
0.0003457
0.0001975
0.0002853
0.0002997
0.0003141
0.0002307
0.0002176
0.0003637
0.0002389
0.0002550
0.0002623
0.0002311
0.0002825
0.0002176
0.0002981
0.0002784
0.0002574
0.0002529
0.0002094
0.0002430
0.0002751
0.0002911
0.0003001
0.0003054
0.0003633
0.0003186
0.0003444
0.0001544
0.0002898
0.0004364
0.0002989
0.0003116
0.0003605
0.0002591
0.0003399
0.0002303
0.0003498
0.0002480
0.0002332
0.0002332
0.0003547
0.0003465
0.0003174
0.0002706
0.0002730
0.0002533
0.0002976
0.0003247
0.0002595
0.0003929
0.0002274
0.0003531
0.0003309
0.0002377
0.0002763
0.0003736
0.0003276
0.0003539
0.0002471
0.0003798
0.0003498
0.0003239
0.0003629
0.0002517
0.0002726
0.0002701
0.0003617
0.0002923
0.0003601
0.0002373
0.0002488
0.0002734
0.0002804
0.0003338
0.0002738
0.0002862
0.0003354
0.0002537
0.0002870
0.0003871
0.0002430
0.0003465
0.0003034
0.0002406
0.0003108
0.0002586
0.0002862
0.0002788
0.0002147
0.0003543
0.0002402
0.0002357
0.0002853
0.0003313
0.0002628
0.0003420
0.0003247
0.0004114
0.0003202
0.0003506
0.0001634
0.0003371
0.0002381
0.0002656
0.0003137
0.0001979
0.0002595
0.0003551
0.0002599
0.0002833
0.0002689
0.0002825
0.0003469
0.0003276
0.0002755
0.0003206
0.0002886
0.0002439
0.0005620
0.0002586
0.0002763
0.0003087
0.0003424
0.0003022
0.0002114
0.0003301
0.0003030
0.0002591
0.0003096
0.0002747
0.0003736
0.0003018
0.0003071
0.0002763
0.0003198
0.0003867
0.0002385
0.0003941
0.0002956
0.0002968
0.0003301
0.0003231
0.0003354
0.0002525
0.0003067
0.0003740
0.0006162
0.0003600
0.0004951
0.0002747
0.0003091
0.0003432
0.0003757
0.0002586
0.0003264
0.0003477
0.0002722
0.0003847
0.0002833
0.0002976
0.0002722
0.0002841
0.0003444
0.0002734
0.0003551
0.0003268
0.0003789
0.0002541
0.0003264
0.0002270
0.0002866
0.0002923
0.0003728
0.0002348
0.0003444
0.0003190
0.0002935
0.0003412
0.0002882
0.0003091
0.0002566
0.0003297
0.0003408
0.0002952
0.0003297
0.0003079
0.0004532
0.0003325
0.0003009
0.0003075
0.0003514
0.0003096
0.0004069
0.0002972
0.0003666
0.0002685
0.0002804
0.0003210
0.0003096
0.0002738
0.0002710
0.0003958
0.0002874
0.0003432
0.0003256
0.0003412
0.0003018
0.0003428
0.0002213
0.0003699
0.0003186
0.0002915
0.0002697
0.0002742
0.0003399
0.0003933
0.0001905
0.0002127
0.0003063
0.0002989
0.0002759
0.0003584
0.0002660
0.0002755
0.0003161
0.0003247
0.0003342
0.0003083
0.0002595
0.0002763
0.0003342
0.0002738
0.0003174
0.0003420
0.0002989
0.0002586
0.0003137
0.0002529
0.0003371
0.0002484
0.0002862
0.0002603
0.0003350
0.0002603
0.0003165
0.0001938
0.0003153
0.0002944
0.0003383
0.0003030
0.0002853
0.0002681
0.0003498
0.0003481
0.0003777
0.0002451
0.0004323
0.0003892
0.0001893
0.0003096
0.0002521
0.0003412
0.0002948
0.0003215
0.0002976
0.0003210
0.0003288
0.0002940
0.0003601
0.0002209
0.0001954
0.0002291
0.0002759
0.0003153
0.0002878
0.0003354
0.0003917
0.0003190
0.0002993
0.0002656
0.0003551
0.0003227
0.0001737
0.0004163
0.0003227
0.0003124
0.0003321
0.0003054
0.0003026
0.0005781
0.0001852
0.0003531
0.0003022
0.0002747
0.0003026
0.0003091
0.0002952
0.0003424
0.0003913
0.0002328
0.0002960
0.0002751
0.0003601
0.0002344
0.0003892
0.0002853
0.0002377
0.0003966
0.0003235
0.0002800
0.0002862
0.0002898
0.0003325
0.0002554
0.0002866
0.0003551
0.0002886
0.0003215
0.0003728
0.0003165
0.0003527
0.0002997
0.0003592
0.0003896
0.0003843
0.0002866
0.0003239
0.0003009
0.0003436
0.0002845
0.0003399
0.0003165
0.0003830
0.0003178
0.0002923
0.0002492
0.0003494
0.0002870
0.0003970
0.0004147
0.0003022
0.0006109
0.0005165
0.0003494
0.0003937
0.0006450
0.0004475
0.0004840
0.0004676
0.0002545
0.0004771
0.0002476
0.0004705
0.0002389
0.0002008
0.0002985
0.0003941
0.0003596
0.0003477
0.0003884
0.0003695
0.0002361
0.0003703
0.0003079
0.0002981
0.0004385
0.0110470
0.0003941
0.0002742
0.0003317
0.0003219
0.0003453
0.0003001
0.0003091
0.0002578
0.0003132
0.0002742
0.0003079
0.0002636
0.0002467
0.0003096
0.0005111
0.0004204
0.0003995
0.0003469
0.0003609
0.0004409
0.0003449
0.0003001
0.0003921
0.0003744
0.0003658
0.0003543
0.0004352
0.0003670
0.0006540
0.0002307
0.0002825
0.0003473
0.0003256
0.0003391
0.0002689
0.0003514
0.0007020
0.0004840
0.0004479
0.0006290
0.0002894
0.0005805
0.0004459
0.0002365
0.0003453
0.0003514
0.0003502
0.0003929
0.0006565
0.0003941
0.0001962
0.0004220
0.0006080
0.0003633
0.0003453
0.0003030
0.0003490
0.0003986
0.0003424
0.0004048
0.0001150
0.0003174
0.0006996
0.0002525
0.0003736
0.0002127
0.0007369
0.0003161
0.0003481
0.0003005
0.0004746
0.0003350
0.0005206
0.0002061
0.0003231
0.0002784
0.0003748
0.0002981
0.0004331
0.0004142
0.0003711
0.0003514
0.0005468
0.0003375
0.0003793
0.0003042
0.0003165
0.0002168
0.0003658
0.0003765
0.0003477
0.0002640
0.0002981
0.0002685
0.0003637
0.0003174
0.0003268
0.0002775
0.0002591
0.0004110
0.0003059
0.0003444
0.0002841
0.0002714
0.0003009
0.0003145
0.0002299
0.0003580
0.0003592
0.0002788
0.0003358
0.0002738
0.0003087
0.0003354
0.0002825
0.0002825
0.0004015
0.0003013
0.0003724
0.0002857
0.0003896
0.0002771
0.0002644
0.0002747
0.0002825
0.0002866
0.0003666
0.0003420
0.0002907
0.0003605
0.0002775
0.0003609
0.0003387
0.0002628
0.0003494
0.0002898
0.0002903
0.0002948
0.0002820
0.0002837
0.0002870
0.0004077
0.0003826
0.0003457
0.0003284
0.0002960
0.0002763
0.0003083
0.0003535
0.0002853
0.0003802
0.0002488
0.0002931
0.0002381
0.0004110
0.0003531
0.0003288
0.0002956
0.0002841
0.0003252
0.0003699
0.0002944
0.0003424
0.0003202
0.0002722
0.0003892
0.0003169
0.0003658
0.0002336
0.0003338
0.0002997
0.0002574
0.0003547
0.0003744
0.0003215
0.0003625
0.0002981
0.0002689
0.0004331
0.0003539
0.0002738
0.0003161
0.0002660
0.0003186
0.0003900
0.0003900
0.0006934
0.0003724
0.0003186
0.0002574
0.0002660
0.0002771
0.0003744
0.0002192
0.0003555
0.0002952
0.0002911
0.0003387
0.0003005
0.0003063
0.0003313
0.0003596
0.0003777
0.0003239
0.0002603
0.0003461
0.0003498
0.0003157
0.0003178
0.0004023
0.0002903
0.0002767
0.0003198
0.0002706
0.0003863
0.0002443
0.0003921
0.0003465
0.0003539
0.0002948
0.0002976
0.0003096
0.0003338
0.0003141
0.0003555
0.0003440
0.0003141
0.0003929
0.0003194
0.0002857
0.0003592
0.0002808
0.0003219
0.0003408
0.0003839
0.0002997
0.0003399
0.0002525
0.0003473
0.0003453
0.0003235
0.0003761
0.0003145
0.0003847
0.0003785
0.0003091
0.0004167
0.0003346
0.0003001
0.0002898
0.0002993
0.0003403
0.0003408
0.0003083
0.0003067
0.0002981
0.0002841
0.0002956
0.0002697
0.0003071
0.0003399
0.0003789
0.0003416
0.0003317
0.0003215
0.0003432
0.0003186
0.0002640
0.0002976
0.0003621
0.0003535
0.0002997
0.0003075
0.0002578
0.0003547
0.0003391
0.0002825
0.0002550
0.0002845
0.0003444
0.0003399
0.0003309
0.0003297
0.0002796
0.0002927
0.0003034
0.0003182
0.0003128
0.0002911
0.0002927
0.0003026
0.0003715
0.0002874
0.0003711
0.0003272
0.0002541
0.0002279
0.0003642
0.0002886
0.0003777
0.0003182
0.0003670
0.0003514
0.0003798
0.0003416
0.0003137
0.0003104
0.0002915
0.0003527
0.0003100
0.0003666
0.0003022
0.0003535
0.0003071
0.0003871
0.0003178
0.0003071
0.0003477
0.0003186
0.0004179
0.0002981
0.0003391
0.0003449
0.0002927
0.0002993
0.0002258
0.0003219
0.0003013
0.0003235
0.0002730
0.0002968
0.0002808
0.0003149
0.0003555
0.0003223
0.0002808
0.0003605
0.0002874
0.0003276
0.0002558
0.0003711
0.0003223
0.0003071
0.0003100
0.0004167
0.0003633
0.0003145
0.0004220
0.0003132
0.0003395
0.0002878
0.0005173
0.0004602
0.0004688
0.0002640
0.0003978
0.0003650
0.0005078
0.0005321
0.0006331
0.0003826
0.0005390
0.0003346
0.0004376
0.0003892
0.0003354
0.0005107
0.0001421
0.0003613
0.0004241
0.0002919
0.0004840
0.0001663
0.0003325
0.0003391
0.0004077
0.0003642
0.0003366
0.0004052
0.0005000
0.0001901
0.0002820
0.0004266
0.0001835
0.0003568
0.0003699
0.0003046
0.0002673
0.0003112
0.0004015
0.0003900
0.0003461
0.0006556
0.0003896
0.0006331
0.0004356
0.0004405
0.0004537
0.0005551
0.0005526
0.0003371
0.0003851
0.0003046
0.0003403
0.0006675
0.0003391
0.0001733
0.0002422
0.0002956
0.0003600
0.0003970
0.0003424
0.0003572
0.0003469
0.0003063
0.0003260
0.0003736
0.0003559
0.0002381
0.0003588
0.0002886
0.0002706
0.0002229
0.0002673
0.0003453
0.0002435
0.0002476
0.0003855
0.0002890
0.0030159
0.0003457
0.0003769
0.0004225
0.0003268
0.0003018
0.0003161
0.0003551
0.0001958
0.0003362
0.0002435
0.0002825
0.0004101
0.0001958
0.0002398
0.0003814
0.0002615
0.0003449
0.0003198
0.0002693
0.0002365
0.0002944
0.0003096
0.0002820
0.0002701
0.0002274
0.0002155
0.0003350
0.0002956
0.0002611
0.0002923
0.0003223
0.0002525
0.0003465
0.0003182
0.0001482
0.0002098
0.0002759
0.0002229
0.0002114
0.0002648
0.0003050
0.0002164
0.0002299
0.0002188
0.0002106
0.0002291
0.0002685
0.0002886
0.0002209
0.0002788
0.0002792
0.0002730
0.0002131
0.0002225
0.0002660
0.0002751
0.0003075
0.0002496
0.0003231
0.0001991
0.0004044
0.0003473
0.0002669
0.0002771
0.0003272
0.0002574
0.0002985
0.0003096
0.0002886
0.0002077
0.0003132
0.0003050
0.0003124
0.0003174
0.0003096
0.0002504
0.0002545
0.0001880
0.0002217
0.0002837
0.0003321
0.0002648
0.0002521
0.0003256
0.0002935
0.0002681
0.0003190
0.0002656
0.0002496
0.0002069
0.0002681
0.0002656
0.0003091
0.0002804
0.0002763
0.0002915
0.0002422
0.0003157
0.0002455
0.0002603
0.0003157
0.0002673
0.0002081
0.0003190
0.0002894
0.0002898
0.0005247
0.0003305
0.0003789
0.0002898
0.0003531
0.0002673
0.0002923
0.0002578
0.0002952
0.0003260
0.0002176
0.0003744
0.0003104
0.0002952
0.0002706
0.0002706
0.0002513
0.0003141
0.0003937
0.0002291
0.0004036
0.0002180
0.0007180
0.0003428
0.0001716
0.0001983
0.0003313
0.0003650
0.0003321
0.0004319
0.0002874
0.0003601
0.0003013
0.0003658
0.0002303
0.0002283
0.0003395
0.0002706
0.0003075
0.0002714
0.0003272
0.0003256
0.0003350
0.0002771
0.0002537
0.0003009
0.0003793
0.0003761
0.0006433
0.0003847
0.0003543
0.0002706
0.0003149
0.0002685
0.0003264
0.0002894
0.0003247
0.0002845
0.0003338
0.0003145
0.0002213
0.0005440
0.0003662
0.0003301
0.0002664
0.0002968
0.0003510
0.0002738
0.0002767
0.0002985
0.0003219
0.0002960
0.0002168
0.0003042
0.0003486
0.0003079
0.0001778
0.0002808
0.0003798
0.0002972
0.0002324
0.0003198
0.0002303
0.0003239
0.0002328
0.0002915
0.0002513
0.0003490
0.0003087
0.0005161
0.0002853
0.0003112
0.0003547
0.0002747
0.0003083
0.0002595
0.0002381
0.0002759
0.0003264
0.0002517
0.0003243
0.0003440
0.0003243
0.0003412
0.0003206
0.0003198
0.0002357
0.0003260
0.0003338
0.0002418
0.0002853
0.0002870
0.0002763
0.0003120
0.0003666
0.0002365
0.0003518
0.0002028
0.0003030
0.0004906
0.0001655
0.0001971
0.0002894
0.0003145
0.0003256
0.0002049
0.0002525
0.0005087
0.0003231
0.0003867
0.0002311
0.0002406
0.0001556
0.0002496
0.0003732
0.0003490
0.0002730
0.0003100
0.0003018
0.0003157
0.0003440
0.0002254
0.0003215
0.0003313
0.0003013
0.0002948
0.0003650
0.0002463
0.0003740
0.0003358
0.0002611
0.0002656
0.0003264
0.0002628
0.0003149
0.0002644
0.0002866
0.0003128
0.0001774
0.0002632
0.0003210
0.0002324
0.0002636
0.0004064
0.0002960
0.0003403
0.0002233
0.0002578
0.0003383
0.0002102
0.0003264
0.0003436
0.0002940
0.0003313
0.0002660
0.0002295
0.0002480
0.0002463
0.0002578
0.0001884
0.0003547
0.0003178
0.0003654
0.0003806
0.0002521
0.0004980
0.0002648
0.0001806
0.0001626
0.0004261
0.0002443
0.0002862
0.0001860
0.0005300
0.0001872
0.0001962
0.0002098
0.0003601
0.0003235
0.0003206
0.0002997
0.0003071
0.0002315
0.0002784
0.0002730
0.0002689
0.0003453
0.0002689
0.0002636
0.0002492
0.0002837
0.0002447
0.0003104
0.0002652
0.0002697
0.0003198
0.0003071
0.0002632
0.0002734
0.0002570
0.0002985
0.0002685
0.0002878
0.0003067
0.0002443
0.0002796
0.0002890
0.0002443
0.0003252
0.0002595
0.0003748
0.0002722
0.0003366
0.0003046
0.0002751
0.0002582
0.0002993
0.0003231
0.0003642
0.0002976
0.0002738
0.0001971
0.0003691
0.0002615
0.0002751
0.0003309
0.0002845
0.0002907
0.0003613
0.0002981
0.0004196
0.0002143
0.0003674
0.0002714
0.0003050
0.0002558
0.0003071
0.0002952
0.0002496
0.0002476
0.0002508
0.0003629
0.0002233
0.0003375
0.0003843
0.0003810
0.0002652
0.0003252
0.0003375
0.0002742
0.0003999
0.0003937
0.0003982
0.0002406
0.0002944
0.0002940
0.0002558
0.0001581
0.0003009
0.0002820
0.0003137
0.0002537
0.0002886
0.0002558
0.0002751
0.0002599
0.0003449
0.0003420
0.0003050
0.0003272
0.0002775
0.0003120
0.0002788
0.0003346
0.0002328
0.0002722
0.0004623
0.0002648
0.0003079
0.0002418
0.0004073
0.0002915
0.0003260
0.0002127
0.0003510
0.0002956
0.0002730
0.0003252
0.0002767
0.0003223
0.0002767
0.0002209
0.0003408
0.0003128
0.0002545
0.0003198
0.0003625
0.0002595
0.0003477
0.0003215
0.0003005
0.0002529
0.0003453
0.0002857
0.0002767
0.0002775
0.0003190
0.0003108
0.0002274
0.0002903
0.0003104
0.0003444
0.0003091
0.0002422
0.0004216
0.0002669
0.0003227
0.0003075
0.0002907
0.0002964
0.0002640
0.0002722
0.0003371
0.0003054
0.0002792
0.0002886
0.0003888
0.0003042
0.0002344
0.0003059
0.0003153
0.0002968
0.0002829
0.0004615
0.0003642
0.0002919
0.0002882
0.0003137
0.0003153
0.0002492
0.0003773
0.0002114
0.0002311
0.0002225
0.0002734
0.0001638
0.0003609
0.0002689
0.0002381
0.0003268
0.0002295
0.0002857
0.0003506
0.0001531
0.0002820
0.0002040
0.0002894
0.0003272
0.0001831
0.0003026
0.0002845
0.0002726
0.0003202
0.0002574
0.0003120
0.0003280
0.0002632
0.0002032
0.0002775
0.0002340
0.0002504
0.0002857
0.0003740
0.0002541
0.0002352
0.0002976
0.0002566
0.0002476
0.0002882
0.0002722
0.0002820
0.0003190
0.0001675
0.0003527
0.0002184
0.0003013
0.0002533
0.0001843
0.0003851
0.0002599
0.0002008
0.0003219
0.0002623
0.0003050
0.0002820
0.0002242
0.0002714
0.0003280
0.0003473
0.0003395
0.0003313
0.0001921
0.0002919
0.0003765
0.0003551
0.0002628
0.0003707
0.0004459
0.0003239
0.0003646
0.0002258
0.0003847
0.0003970
0.0003674
0.0003354
0.0003325
0.0003280
0.0003568
0.0002398
0.0004656
0.0002586
0.0002825
0.0002808
0.0002697
0.0002734
0.0001765
0.0003506
0.0002541
0.0002837
0.0002619
0.0004783
0.0002315
0.0002471
0.0007148
0.0004081
0.0003075
0.0003305
0.0008605
0.0004138
0.0004208
0.0003703
0.0003054
0.0012353
0.0007086
0.0003403
0.0002311
0.0003559
0.0003067
0.0003120
0.0003412
0.0002956
0.0003157
0.0002907
0.0002993
0.0001667
0.0004799
0.0003272
0.0002923
0.0003022
0.0002730
0.0138740
0.0005066
0.0003646
0.0002492
0.0002689
0.0002853
0.0005136
0.0003473
0.0003313
0.0003494
0.0001765
0.0004064
0.0003765
0.0003654
0.0001942
0.0002775
0.0002225
0.0002118
0.0002229
0.0002028
0.0002373
0.0001843
0.0003576
0.0002110
0.0001991
0.0002492
0.0002061
0.0002558
0.0002205
0.0002196
0.0002159
0.0002225
0.0002237
0.0002669
0.0002529
0.0002221
0.0002525
0.0002192
0.0001999
0.0002525
0.0002065
0.0002812
0.0002373
0.0002176
0.0001823
0.0002911
0.0004660
0.0003223
0.0002435
0.0002722
0.0002106
0.0001774
0.0002168
0.0002640
0.0002086
0.0002566
0.0002332
0.0002040
0.0002188
0.0002135
0.0002369
0.0002131
0.0002693
0.0002098
0.0002710
0.0003174
0.0002599
0.0002139
0.0002344
0.0002176
0.0002586
0.0001806
0.0002118
0.0002196
0.0002045
0.0002714
0.0001831
0.0002701
0.0002020
0.0002274
0.0002398
0.0002504
0.0002332
0.0002209
0.0002114
0.0002911
0.0002123
0.0002820
0.0001815
0.0001938
0.0002800
0.0002320
0.0003030
0.0002081
0.0002377
0.0002582
0.0002348
0.0002820
0.0002398
0.0002513
0.0001889
0.0003194
0.0002242
0.0002829
0.0002562
0.0002640
0.0003334
0.0003096
0.0002603
0.0002866
0.0002619
0.0002299
0.0004750
0.0003408
0.0002862
0.0002701
0.0002217
0.0002032
0.0003391
0.0002008
0.0002028
0.0002217
0.0002660
0.0002414
0.0002188
0.0002550
0.0002090
0.0003432
0.0002689
0.0002414
0.0002237
0.0002628
0.0002480
0.0002574
0.0003087
0.0002393
0.0003157
0.0002660
0.0002168
0.0002143
0.0002771
0.0002582
0.0002094
0.0003018
0.0002147
0.0002270
0.0003128
0.0002459
0.0002361
0.0002784
0.0002053
0.0002328
0.0002664
0.0002730
0.0002825
0.0002644
0.0003469
0.0002008
0.0003026
0.0002291
0.0002619
0.0002722
0.0002402
0.0002463
0.0002857
0.0002398
0.0002513
0.0002320
0.0002796
0.0003124
0.0002381
0.0002266
0.0002488
0.0002788
0.0002106
0.0003338
0.0003235
0.0002751
0.0003366
0.0002718
0.0002857
0.0002476
0.0002566
0.0002755
0.0002118
0.0002233
0.0002825
0.0002279
0.0002365
0.0002870
0.0002393
0.0002607
0.0002484
0.0002320
0.0002825
0.0001872
0.0003141
0.0002874
0.0003958
0.0002402
0.0002467
0.0002701
0.0002833
0.0002960
0.0002825
0.0002759
0.0002262
0.0002332
0.0002447
0.0002722
0.0002628
0.0002759
0.0003100
0.0002673
0.0002357
0.0003149
0.0002484
0.0002566
0.0002677
0.0002693
0.0002131
0.0003022
0.0002430
0.0002599
0.0003945
0.0002393
0.0003757
0.0003301
0.0002652
0.0002521
0.0002147
0.0003814
0.0002619
0.0003067
0.0003018
0.0002718
0.0003034
0.0002311
0.0002919
0.0002426
0.0002566
0.0003075
0.0002771
0.0002767
0.0002410
0.0002841
0.0002804
0.0003252
0.0002857
0.0002673
0.0002890
0.0002521
0.0002927
0.0002890
0.0002796
0.0003559
0.0002554
0.0001605
0.0003925
0.0002792
0.0004376
0.0004163
0.0003087
0.0003966
0.0003026
0.0004134
0.0004303
0.0002792
0.0003013
0.0003079
0.0003141
0.0002414
0.0003067
0.0002131
0.0003116
0.0002894
0.0004040
0.0002439
0.0002426
0.0002607
0.0002685
0.0002923
0.0002706
0.0003198
0.0002279
0.0003243
0.0002480
0.0003067
0.0002853
0.0002262
0.0002192
0.0003046
0.0002545
0.0002488
0.0003009
0.0002706
0.0003210
0.0003198
0.0002804
0.0002812
0.0002747
0.0003346
0.0003124
0.0002443
0.0002738
0.0003182
0.0003046
0.0002525
0.0002664
0.0002381
0.0002742
0.0002706
0.0003506
0.0002779
0.0002747
0.0002369
0.0002718
0.0002870
0.0003038
0.0002747
0.0002525
0.0002849
0.0002968
0.0002443
0.0002554
0.0003481
0.0002894
0.0002837
0.0002940
0.0003194
0.0002796
0.0002968
0.0002718
0.0002578
0.0002558
0.0003280
0.0003354
0.0002669
0.0003169
0.0002377
0.0002948
0.0002644
0.0002804
0.0003715
0.0002862
0.0003145
0.0004081
0.0003137
0.0003067
0.0002767
0.0002997
0.0002788
0.0002229
0.0002874
0.0002656
0.0002422
0.0003034
0.0002664
0.0002471
0.0003202
0.0002866
0.0002960
0.0002233
0.0003026
0.0005107
0.0003691
0.0003666
0.0002845
0.0003198
0.0002919
0.0003038
0.0003342
0.0002747
0.0002968
0.0002853
0.0002299
0.0002845
0.0002582
0.0002948
0.0002570
0.0002870
0.0001338
0.0002525
0.0002476
0.0002591
0.0002385
0.0002751
0.0003022
0.0003535
0.0002439
0.0002820
0.0002549
0.0002788
0.0002714
0.0002681
0.0003145
0.0002882
0.0002422
0.0003202
0.0002714
0.0002882
0.0003375
0.0002570
0.0002315
0.0002591
0.0002447
0.0002919
0.0003169
0.0002508
0.0002361
0.0002701
0.0003876
0.0002418
0.0003178
0.0002324
0.0011426
0.0002989
0.0003810
0.0002422
0.0002710
0.0002714
0.0003174
0.0003917
0.0001490
0.0001962
0.0002447
0.0002903
0.0001322
0.0004795
0.0003711
0.0002504
0.0002422
0.0002886
0.0002898
0.0002426
0.0003042
0.0003046
0.0003046
0.0002554
0.0002455
0.0002533
0.0002320
0.0003042
0.0003395
0.0000624
0.0003884
0.0003256
0.0003026
0.0003165
0.0002878
0.0002496
0.0002455
0.0002636
0.0002065
0.0001552
0.0003453
0.0002242
0.0002291
0.0002898
0.0002907
0.0002607
0.0002357
0.0002599
0.0002570
0.0002266
0.0002435
0.0001474
0.0002504
0.0002714
0.0003724
0.0004208
0.0003190
0.0002640
0.0001244
0.0004586
0.0002894
0.0002923
0.0002907
0.0002574
0.0002603
0.0001868
0.0003063
0.0002143
0.0002734
0.0002467
0.0002894
0.0003288
0.0002016
0.0002940
0.0002607
0.0002086
0.0003026
0.0003178
0.0002829
0.0002246
0.0002008
0.0003752
0.0002500
0.0002471
0.0002488
0.0003453
0.0002747
0.0003042
0.0002525
0.0002701
0.0001642
0.0002517
0.0005969
0.0002008
0.0002513
0.0002677
0.0002960
0.0003042
0.0002537
0.0002410
0.0003268
0.0003112
0.0003096
0.0002451
0.0002648
0.0002664
0.0003182
0.0003104
0.0003346
0.0002389
0.0002640
0.0003243
0.0002237
0.0002952
0.0002549
0.0002192
0.0002833
0.0002664
0.0002927
0.0003399
0.0002578
0.0002381
0.0003034
0.0002603
0.0002595
0.0002845
0.0002344
0.0002311
0.0002627
0.0003046
0.0002714
0.0002706
0.0002636
0.0002829
0.0003449
0.0002623
0.0003383
0.0002525
0.0002533
0.0001782
0.0004019
0.0002652
0.0002582
0.0002615
0.0003330
0.0004266
0.0004524
0.0002332
0.0001679
0.0003757
0.0002853
0.0002870
0.0003042
0.0001609
0.0003120
0.0002837
0.0002660
0.0002073
0.0003531
0.0002586
0.0002648
0.0002841
0.0002685
0.0002771
0.0002845
0.0002915
0.0002792
0.0002952
0.0002738
0.0003206
0.0002233
0.0002915
0.0003371
0.0002919
0.0002730
0.0002537
0.0002693
0.0003416
0.0003342
0.0004085
0.0003276
0.0003703
0.0002972
0.0003018
0.0001716
0.0003835
0.0002188
0.0002886
0.0003137
0.0004602
0.0003268
0.0003096
0.0003338
0.0002825
0.0003190
0.0003108
0.0003432
0.0002496
0.0002595
0.0003338
0.0003309
0.0003235
0.0003518
0.0003247
0.0003059
0.0003075
0.0003186
0.0003416
0.0003239
0.0004385
0.0004089
0.0002948
0.0002722
0.0002110
0.0003247
0.0002734
0.0003059
0.0002664
0.0002837
0.0003547
0.0002886
0.0003227
0.0002303
0.0003818
0.0002812
0.0003256
0.0002894
0.0002262
0.0002923
0.0002545
0.0003621
0.0002246
0.0003625
0.0002578
0.0002800
0.0003338
0.0003830
0.0003313
0.0002985
0.0002792
0.0002927
0.0002574
0.0003186
0.0003527
0.0002550
0.0003227
0.0002730
0.0003982
0.0003490
0.0003280
0.0003991
0.0003219
0.0003165
0.0002599
0.0003375
0.0003888
0.0002935
0.0003498
0.0002985
0.0003063
0.0002644
0.0002829
0.0003071
0.0003724
0.0002213
0.0002944
0.0003679
0.0003116
0.0003391
0.0002159
0.0002763
0.0002755
0.0002923
0.0003112
0.0002660
0.0003182
0.0001659
0.0003884
0.0003625
0.0003621
0.0003050
0.0002997
0.0003215
0.0003202
0.0003034
0.0003584
0.0003420
0.0002779
0.0004348
0.0004627
0.0003399
0.0002619
0.0003067
0.0002582
0.0003568
0.0002845
0.0003157
0.0004976
0.0003621
0.0002595
0.0003933
0.0002866
0.0002537
0.0003555
0.0001864
0.0003317
0.0004138
0.0002923
0.0004192
0.0002471
0.0003013
0.0002443
0.0003527
0.0002767
0.0003605
0.0003050
0.0003013
0.0002706
0.0003013
0.0002968
0.0003063
0.0002237
0.0003444
0.0002960
0.0002882
0.0002812
0.0003321
0.0002985
0.0002685
0.0004229
0.0002180
0.0003371
0.0003169
0.0002570
0.0003379
0.0003050
0.0003231
0.0002410
0.0003592
0.0002582
0.0003633
0.0002898
0.0002693
0.0002549
0.0002972
0.0002857
0.0002857
0.0002820
0.0001342
0.0004594
0.0002706
0.0003227
0.0003038
0.0003354
0.0002837
0.0002845
0.0001769
0.0003116
0.0003465
0.0002192
0.0003412
0.0002718
0.0002825
0.0003691
0.0003654
0.0004471
0.0002915
0.0003789
0.0004032
0.0002521
0.0003313
0.0002927
0.0003157
0.0004101
0.0003498
0.0002393
0.0004647
0.0003473
0.0002233
0.0003350
0.0002956
0.0003354
0.0003453
0.0002607
0.0002303
0.0002960
0.0003026
0.0003256
0.0002722
0.0003362
0.0003588
0.0002841
0.0004746
0.0000710
0.0003945
0.0002890
0.0002656
0.0003826
0.0002595
0.0003063
0.0002591
0.0003124
0.0003798
0.0002972
0.0002529
0.0003366
0.0003399
0.0002439
0.0003157
0.0002722
0.0003149
0.0003617
0.0003798
0.0002217
0.0004725
0.0002533
0.0003120
0.0003605
0.0002976
0.0003876
0.0002800
0.0002903
0.0002369
0.0003219
0.0003387
0.0003288
0.0002956
0.0003395
0.0003100
0.0002792
0.0002340
0.0003757
0.0002964
0.0002960
0.0003071
0.0004795
0.0003042
0.0003169
0.0003580
0.0002816
0.0003009
0.0003252
0.0003871
0.0003256
0.0003371
0.0002430
0.0003531
0.0002578
0.0002964
0.0002960
0.0004212
0.0003264
0.0003465
0.0003847
0.0002742
0.0003083
0.0002841
0.0003128
0.0003260
0.0002882
0.0003063
0.0003555
0.0002517
0.0003342
0.0001880
0.0000924
0.0003740
0.0003083
0.0003580
0.0003096
0.0003592
0.0003038
0.0003293
0.0002898
0.0002857
0.0002492
0.0003477
0.0003190
0.0002562
0.0003215
0.0002841
0.0003001
0.0002849
0.0002086
0.0004890
0.0002045
0.0001741
0.0003863
0.0003178
0.0002500
0.0003531
0.0003416
0.0003202
0.0002578
0.0003120
0.0003588
0.0003486
0.0003371
0.0004011
0.0003342
0.0002788
0.0002513
0.0003050
0.0002656
0.0003280
0.0003498
0.0003288
0.0003522
0.0002800
0.0003309
0.0004434
0.0003194
0.0004894
0.0001749
0.0002377
0.0003198
0.0002669
0.0001938
0.0000899
0.0002574
0.0004019
0.0002747
0.0002406
0.0002488
0.0002164
0.0002944
0.0002849
0.0002615
0.0002948
0.0002931
0.0002467
0.0002471
0.0002697
0.0003161
0.0002714
0.0002693
0.0002073
0.0002488
0.0003572
0.0002816
0.0002521
0.0002131
0.0003075
0.0002747
0.0003059
0.0002615
0.0002069
0.0003030
0.0002332
0.0001802
0.0002726
0.0002956
0.0002393
0.0002730
0.0003539
0.0003288
0.0002788
0.0003174
0.0002550
0.0002669
0.0002981
0.0002742
0.0002279
0.0002775
0.0002779
0.0003658
0.0003149
0.0002077
0.0002792
0.0002566
0.0002759
0.0001967
0.0003128
0.0003030
0.0002533
0.0002837
0.0003108
0.0003288
0.0002730
0.0003449
0.0000398
0.0003256
0.0003247
0.0003662
0.0002927
0.0002221
0.0003346
0.0004450
0.0003937
0.0002689
0.0002016
0.0002706
0.0002862
0.0003186
0.0004192
0.0001999
0.0001925
0.0002603
0.0002541
0.0002820
0.0003293
0.0002024
0.0003522
0.0003408
0.0002209
0.0002710
0.0001716
0.0003564
0.0001971
0.0002644
0.0003174
0.0002751
0.0003206
0.0002513
0.0003075
0.0003186
0.0002726
0.0002016
0.0002045
0.0002701
0.0002106
0.0002763
0.0002820
0.0002775
0.0002792
0.0002127
0.0002804
0.0002669
0.0003054
0.0002636
0.0002664
0.0002632
0.0002340
0.0002439
0.0003847
0.0002940
0.0003272
0.0002541
0.0002196
0.0003210
0.0003128
0.0002829
0.0002274
0.0002615
0.0002582
0.0002205
0.0003383
0.0002578
0.0003026
0.0002283
0.0003022
0.0002673
0.0002632
0.0002623
0.0002915
0.0003174
0.0003539
0.0003305
0.0002673
0.0002623
0.0002373
0.0002681
0.0002857
0.0002952
0.0003009
0.0003629
0.0003046
0.0002472
0.0003042
0.0003013
0.0002237
0.0002853
0.0003108
0.0002418
0.0003013
0.0003650
0.0002890
0.0002028
0.0004442
0.0002775
0.0003428
0.0002714
0.0003674
0.0002459
0.0002989
0.0002196
0.0002361
0.0003362
0.0002820
0.0002677
0.0003186
0.0003481
0.0003087
0.0002492
0.0003075
0.0003219
0.0003494
0.0002246
0.0003798
0.0002693
0.0002389
0.0002697
0.0002825
0.0003190
0.0002496
0.0002242
0.0003206
0.0003038
0.0002894
0.0002796
0.0003346
0.0002763
0.0003182
0.0002919
0.0003260
0.0003362
0.0002320
0.0003091
0.0003096
0.0002476
0.0004105
0.0002418
0.0002307
0.0003527
0.0003440
0.0001975
0.0002648
0.0003637
0.0003518
0.0002196
0.0003325
0.0002648
0.0002862
0.0003633
0.0002578
0.0003358
0.0002422
0.0003063
0.0002915
0.0003091
0.0003247
0.0003884
0.0003757
0.0002784
0.0003046
0.0004438
0.0003247
0.0005234
0.0002582
0.0002730
0.0003128
0.0002623
0.0004783
0.0004594
0.0002722
0.0004516
0.0002940
0.0003202
0.0003079
0.0004048
0.0002591
0.0003005
0.0003596
0.0003371
0.0003362
0.0003264
0.0002948
0.0004766
0.0002874
0.0002463
0.0003104
0.0003789
0.0003395
0.0002775
0.0004697
0.0003350
0.0002155
0.0003161
0.0003198
0.0003268
0.0003547
0.0003830
0.0002796
0.0003839
0.0003013
0.0004126
0.0002484
0.0003728
0.0003625
0.0003194
0.0003137
0.0003288
0.0002985
0.0003383
0.0002430
0.0002201
0.0003642
0.0003116
0.0003494
0.0002677
0.0003412
0.0008133
0.0002566
0.0002845
0.0002545
0.0003781
0.0003715
0.0002578
0.0003272
0.0003161
0.0004537
0.0002972
0.0003572
0.0002554
0.0004048
0.0002673
0.0002599
0.0003847
0.0003157
0.0003174
0.0002422
0.0001737
0.0005021
0.0003588
0.0002779
0.0003687
0.0002837
0.0003317
0.0002866
0.0003539
0.0002365
0.0003284
0.0003018
0.0003235
0.0004019
0.0003379
0.0003572
0.0002681
0.0002558
0.0002989
0.0003366
0.0002636
0.0002944
0.0002398
0.0003473
0.0002591
0.0002763
0.0002554
0.0003514
0.0003839
0.0002952
0.0003030
0.0002894
0.0003350
0.0003559
0.0003403
0.0002820
0.0003933
0.0002693
0.0002513
0.0002935
0.0004085
0.0002344
0.0003321
0.0003264
0.0003330
0.0002693
0.0002562
0.0003153
0.0003465
0.0002734
0.0003637
0.0003050
0.0003132
0.0002393
0.0003781
0.0002878
0.0003818
0.0003153
0.0002751
0.0002098
0.0003366
0.0002389
0.0002640
0.0003547
0.0002689
0.0003793
0.0002849
0.0003625
0.0002673
0.0002771
0.0003740
0.0002960
0.0003703
0.0002315
0.0003313
0.0003703
0.0003379
0.0002862
0.0003046
0.0002775
0.0003149
0.0003293
0.0003880
0.0002611
0.0003564
0.0003104
0.0003835
0.0002784
0.0003030
0.0002956
0.0003165
0.0003703
0.0003165
0.0003297
0.0003440
0.0004996
0.0003486
0.0002623
0.0002940
0.0003436
0.0003038
0.0002623
0.0003995
0.0003670
0.0002562
0.0003732
0.0003079
0.0002755
0.0003670
0.0003346
0.0003350
0.0002956
0.0002796
0.0002853
0.0003867
0.0003022
0.0004142
0.0003112
0.0003178
0.0003818
0.0002504
0.0003383
0.0003929
0.0002833
0.0003793
0.0003863
0.0002533
0.0003338
0.0003358
0.0003412
0.0003034
0.0003720
0.0003252
0.0003679
0.0002714
0.0002903
0.0004688
0.0003157
0.0003288
0.0003116
0.0002459
0.0003198
0.0004064
0.0002640
0.0002205
0.0002972
0.0003408
0.0002890
0.0004278
0.0002336
0.0002755
0.0002521
0.0003186
0.0004188
0.0003691
0.0003054
0.0003194
0.0002496
0.0003288
0.0003206
0.0003022
0.0003933
0.0005805
0.0004060
0.0003059
0.0002816
0.0003284
0.0003120
0.0003387
0.0003009
0.0003757
0.0003100
0.0003531
0.0002960
0.0002681
0.0003034
0.0003280
0.0003572
0.0002550
0.0003075
0.0002628
0.0003375
0.0003001
0.0003695
0.0003477
0.0003104
0.0003535
0.0002820
0.0002874
0.0003970
0.0003465
0.0003711
0.0003744
0.0002747
0.0004266
0.0003424
0.0004417
0.0002870
0.0004623
0.0002940
0.0002919
0.0004372
0.0002972
0.0005099
0.0004208
0.0003100
0.0003732
0.0003444
0.0003637
0.0003543
0.0003995
0.0003239
0.0003149
0.0004208
0.0002972
0.0003096
0.0003436
0.0004233
0.0002628
0.0003453
0.0003954
0.0002332
0.0004520
0.0003732
0.0002488
0.0002882
0.0002985
0.0003917
0.0003301
0.0003321
0.0003637
0.0003157
0.0003835
0.0002742
0.0004175
0.0003572
0.0003917
0.0003161
0.0003752
0.0004857
0.0003022
0.0003005
0.0005165
0.0003843
0.0003165
0.0005366
0.0004064
0.0004840
0.0003695
0.0004352
0.0002623
0.0004134
0.0003461
0.0003559
0.0003522
0.0003424
0.0004142
0.0002751
0.0002467
0.0003141
0.0004508
0.0002640
0.0004134
0.0002956
0.0003268
0.0004890
0.0003403
0.0003802
0.0003576
0.0002562
0.0003777
0.0002841
0.0003288
0.0003338
0.0003486
0.0004023
0.0003703
0.0003477
0.0002258
0.0003518
0.0003596
0.0003908
0.0002976
0.0004602
0.0003469
0.0002525
0.0003752
0.0004298
0.0003461
0.0003584
0.0003408
0.0007431
0.0003432
0.0002792
0.0002911
0.0003091
0.0004134
0.0003202
0.0003789
0.0003502
0.0003358
0.0004586
0.0002833
0.0003432
0.0004036
0.0003592
0.0003182
0.0003777
0.0003662
0.0003005
0.0003174
0.0003904
0.0003461
0.0003174
0.0004069
0.0003679
0.0003313
0.0003194
0.0003260
0.0003116
0.0003695
0.0003785
0.0003190
0.0003970
0.0003728
0.0003510
0.0002619
0.0004126
0.0003662
0.0003728
0.0003054
0.0004114
0.0004701
0.0002972
0.0003141
0.0003440
0.0003301
0.0004138
0.0004081
0.0003625
0.0003691
0.0003674
0.0003654
0.0003662
0.0002898
0.0003210
0.0004101
0.0002414
0.0004413
0.0002447
0.0003564
0.0003637
0.0003596
0.0003757
0.0003416
0.0003646
0.0003013
0.0004672
0.0003145
0.0003744
0.0003375
0.0003572
0.0004241
0.0002472
0.0002451
0.0002529
0.0003871
0.0000497
0.0004376
0.0002615
0.0002595
0.0002734
0.0002496
0.0002558
0.0002476
0.0002599
0.0002656
0.0002701
0.0002607
0.0002430
0.0002644
0.0003104
0.0003038
0.0003071
0.0002726
0.0002632
0.0002628
0.0002513
0.0002767
0.0002623
0.0002586
0.0002578
